Updated On,State,Total Doses Administered,First Dose Administered,Second Dose Administered
16/01/2021,India,48276,48276,0
17/01/2021,India,58604,58604,0
18/01/2021,India,99449,99449,0
19/01/2021,India,195525,195525,0
20/01/2021,India,251280,251280,0
21/01/2021,India,365965,365965,0
22/01/2021,India,549381,549381,0
23/01/2021,India,759008,759008,0
24/01/2021,India,835058,835058,0
25/01/2021,India,1277104,1277104,0
26/01/2021,India,1293784,1293784,0
27/01/2021,India,1726490,1726490,0
28/01/2021,India,2295491,2295491,0
29/01/2021,India,2814803,2814803,0
30/01/2021,India,3067736,3067736,0
31/01/2021,India,3127107,3127107,0
1/2/2021,India,3350265,3350265,0
2/2/2021,India,3527971,3527971,0
3/2/2021,India,3825835,3825835,0
4/2/2021,India,4314304,4314304,0
5/2/2021,India,4765924,4765924,0
6/2/2021,India,5111827,5111827,0
7/2/2021,India,5168099,5168099,0
8/2/2021,India,5615499,5615499,0
9/2/2021,India,6002474,6002474,0
10/2/2021,India,6462270,6462270,0
11/2/2021,India,6958553,6958553,0
12/2/2021,India,7423817,7423817,0
13/02/2021,India,7708211,7687352,20859
14/02/2021,India,7732278,7710367,21911
15/02/2021,India,8253651,8111162,142489
16/02/2021,India,8577226,8337600,239626
17/02/2021,India,9023239,8704698,318541
18/02/2021,India,9338267,8862491,475776
19/02/2021,India,10241508,9523567,717941
20/02/2021,India,10619113,9734505,884608
21/02/2021,India,10651012,9757217,893795
22/02/2021,India,11243679,10069263,1174416
23/02/2021,India,11597768,10288293,1309475
24/02/2021,India,12042958,10517568,1525390
25/02/2021,India,12819074,10846192,1972882
26/02/2021,India,13560932,11141375,2419557
27/02/2021,India,13560983,11141426,2419557
28/02/2021,India,13561208,11141651,2419557
1/3/2021,India,13561208,11141651,2419557
2/3/2021,India,14533954,11886320,2647634
3/3/2021,India,15383883,12553326,2830557
4/3/2021,India,16535703,13393538,3142165
5/3/2021,India,17871673,14415912,3455761
6/3/2021,India,19170828,15438495,3732333
7/3/2021,India,19288666,15541529,3747137
8/3/2021,India,21038500,16976138,4062362
9/3/2021,India,18360243,14003206,4357037
10/3/2021,India,19538547,14872785,4665762
11/3/2021,India,19953987,15204375,4749612
12/3/2021,India,21772159,16612019,5160140
13/03/2021,India,23159604,17698742,5460862
14/03/2021,India,23317750,17837716,5480034
15/03/2021,India,25618250,19766466,5851784
16/03/2021,India,31870745,25709257,6161488
17/03/2021,India,36496020,30011328,6484692
18/03/2021,India,38770404,31952935,6817469
19/03/2021,India,41309219,34228371,7080848
20/03/2021,India,43877868,36568988,7308880
21/03/2021,India,44645372,37303458,7341914
22/03/2021,India,47204633,39612614,7592019
23/03/2021,India,49973152,42148875,7824277
24/03/2021,India,52216237,44250191,7966046
25/03/2021,India,54589220,46454700,8134520
26/03/2021,India,57021164,48749313,8271851
27/03/2021,India,59235436,50865316,8370120
28/03/2021,India,59557120,51179587,8377533
29/03/2021,India,60183064,51774289,8408775
30/03/2021,India,61990242,53429356,8560886
31/03/2021,India,63935590,55188803,8746787
1/4/2021,India,66361722,57443466,8918256
2/4/2021,India,70090836,60936753,9154083
3/4/2021,India,73112119,63743700,9368419
4/4/2021,India,76405697,66838504,9567193
5/4/2021,India,79439889,69620234,9819655
6/4/2021,India,82065337,72035640,10029697
7/4/2021,India,87100627,76671812,10428815
8/4/2021,India,91881530,80998099,10883431
9/4/2021,India,95583419,84296847,11286572
10/4/2021,India,99069354,87411872,11657482
11/4/2021,India,102000401,90111528,11888873
12/4/2021,India,105970539,93559587,12410952
13/04/2021,India,108598289,95823614,12774675
14/04/2021,India,111913288,98703696,13209592
15/04/2021,India,114598026,100853671,13744355
16/04/2021,India,117305344,102927296,14378048
17/04/2021,India,119971369,104950409,15020960
18/04/2021,India,121207098,105896430,15310668
19/04/2021,India,124457162,108178574,16278588
20/04/2021,India,127428887,110165234,17263653
21/04/2021,India,129646105,111673361,17972744
22/04/2021,India,132754608,113584269,19170339
23/04/2021,India,135658324,115461202,20197122
24/04/2021,India,138185956,117105343,21080613
25/04/2021,India,139185173,117795008,21390165
26/04/2021,India,142524947,119886252,22638695
27/04/2021,India,144879233,121263287,23615946
28/04/2021,India,147053392,122538179,24515213
29/04/2021,India,149268772,123811908,25456864
30/04/2021,India,151998107,125376952,26621155
1/5/2021,India,153626325,126328970,27297355
2/5/2021,India,154211511,126704151,27507360
3/5/2021,India,156082136,127696675,28385461
4/5/2021,India,157750752,128627919,29122833
5/5/2021,India,159931238,129730641,30200597
6/5/2021,India,162603603,131058890,31544713
7/5/2021,India,165190000,132294827,32895173
8/5/2021,India,167493857,133366482,34127375
9/5/2021,India,168304868,133854676,34450192
10/5/2021,India,171098918,135192013,35906905
11/5/2021,India,173862643,136557345,37305298
12/5/2021,India,176045577,137805245,38240332
13/05/2021,India,178361846,139087590,39274256
14/05/2021,India,179646413,139861462,39784951
15/05/2021,India,181544536,141132112,40412424
16/05/2021,India,182251006,141764335,40486671
17/05/2021,India,183817204,143090218,40726986
18/05/2021,India,185191602,144270200,40921402
19/05/2021,India,186410600,145333606,41076994
20/05/2021,India,187886885,146624652,41262233
21/05/2021,India,189344105,147893976,41450129
22/05/2021,India,190936859,149302864,41633995
23/05/2021,India,191877460,150180408,41697052
24/05/2021,India,194313920,152439044,41874876
25/05/2021,India,196463495,154384464,42079031
26/05/2021,India,198425615,156189641,42235974
27/05/2021,India,201438120,159006359,42431761
28/05/2021,India,204617572,161951713,42665859
29/05/2021,India,207796464,164804095,42992369
30/05/2021,India,208907723,165823004,43084719
31/05/2021,India,211778491,168393525,43384966
1/6/2021,India,214314522,170640412,43674110
2/6/2021,India,216858197,172945950,43912247
3/6/2021,India,219831571,175677634,44153937
4/6/2021,India,223642281,179205337,44436944
5/6/2021,India,227162503,182451348,44711155
6/6/2021,India,228624578,183824958,44799620
7/6/2021,India,232063488,186933771,45129717
8/6/2021,India,234952618,189503126,45449492
9/6/2021,India,238440129,192669299,45770830
10/6/2021,India,241846863,195747476,46099387
11/6/2021,India,245411955,198977594,46434361
12/6/2021,India,249033094,202207183,46825911
13/06/2021,India,250656362,203705131,46951231
14/06/2021,India,254653040,207274441,47378599
15/06/2021,India,257605528,209816439,47789089
16/06/2021,India,261118468,212945352,48173116
17/06/2021,India,264537245,215944608,48592637
18/06/2021,India,267951571,218956863,48994708
19/06/2021,India,271833642,222316897,49516745
20/06/2021,India,275018693,225211708,49806985
21/06/2021,India,283891764,233288807,50602957
22/06/2021,India,289961746,238685516,51276230
23/06/2021,India,296892521,244944880,51947641
24/06/2021,India,303426850,250656880,52769970
25/06/2021,India,309802519,256135000,53667519
26/06/2021,India,316535775,261705883,54829892
27/06/2021,India,318473492,263289938,55183554
28/06/2021,India,323836329,267485789,56350540
29/06/2021,India,327685422,270392224,57293198
30/06/2021,India,330553623,272487181,58066442
1/7/2021,India,334913220,275842378,59070842
2/7/2021,India,339447068,279132514,60314554
3/7/2021,India,346054022,283527017,62527005
4/7/2021,India,347766247,284750483,63015764
5/7/2021,India,352412289,287588808,64823481
6/7/2021,India,356192949,290132865,66060084
7/7/2021,India,,,
8/7/2021,India,,,
9/7/2021,India,,,
10/7/2021,India,,,
11/7/2021,India,,,
12/7/2021,India,,,
13/07/2021,India,,,
14/07/2021,India,,,
15/07/2021,India,,,
16/07/2021,India,,,
17/07/2021,India,,,
16/01/2021,Andaman and Nicobar Islands,23,23,0
17/01/2021,Andaman and Nicobar Islands,23,23,0
18/01/2021,Andaman and Nicobar Islands,42,42,0
19/01/2021,Andaman and Nicobar Islands,89,89,0
20/01/2021,Andaman and Nicobar Islands,124,124,0
21/01/2021,Andaman and Nicobar Islands,239,239,0
22/01/2021,Andaman and Nicobar Islands,552,552,0
23/01/2021,Andaman and Nicobar Islands,920,920,0
24/01/2021,Andaman and Nicobar Islands,966,966,0
25/01/2021,Andaman and Nicobar Islands,1519,1519,0
26/01/2021,Andaman and Nicobar Islands,1519,1519,0
27/01/2021,Andaman and Nicobar Islands,1519,1519,0
28/01/2021,Andaman and Nicobar Islands,1956,1956,0
29/01/2021,Andaman and Nicobar Islands,2024,2024,0
30/01/2021,Andaman and Nicobar Islands,2060,2060,0
31/01/2021,Andaman and Nicobar Islands,2060,2060,0
1/2/2021,Andaman and Nicobar Islands,2060,2060,0
2/2/2021,Andaman and Nicobar Islands,2060,2060,0
3/2/2021,Andaman and Nicobar Islands,2107,2107,0
4/2/2021,Andaman and Nicobar Islands,2290,2290,0
5/2/2021,Andaman and Nicobar Islands,2514,2514,0
6/2/2021,Andaman and Nicobar Islands,2780,2780,0
7/2/2021,Andaman and Nicobar Islands,2780,2780,0
8/2/2021,Andaman and Nicobar Islands,2780,2780,0
9/2/2021,Andaman and Nicobar Islands,2780,2780,0
10/2/2021,Andaman and Nicobar Islands,2780,2780,0
11/2/2021,Andaman and Nicobar Islands,2780,2780,0
12/2/2021,Andaman and Nicobar Islands,2852,2852,0
13/02/2021,Andaman and Nicobar Islands,3040,3040,0
14/02/2021,Andaman and Nicobar Islands,3040,3040,0
15/02/2021,Andaman and Nicobar Islands,3467,3363,104
16/02/2021,Andaman and Nicobar Islands,3467,3363,104
17/02/2021,Andaman and Nicobar Islands,3664,3560,104
18/02/2021,Andaman and Nicobar Islands,3846,3505,341
19/02/2021,Andaman and Nicobar Islands,4898,4246,652
20/02/2021,Andaman and Nicobar Islands,5653,4707,946
21/02/2021,Andaman and Nicobar Islands,5653,4707,946
22/02/2021,Andaman and Nicobar Islands,6856,5358,1498
23/02/2021,Andaman and Nicobar Islands,7058,5436,1622
24/02/2021,Andaman and Nicobar Islands,7240,5518,1722
25/02/2021,Andaman and Nicobar Islands,7763,5867,1896
26/02/2021,Andaman and Nicobar Islands,7989,6029,1960
27/02/2021,Andaman and Nicobar Islands,7989,6029,1960
28/02/2021,Andaman and Nicobar Islands,7989,6029,1960
1/3/2021,Andaman and Nicobar Islands,7989,6029,1960
2/3/2021,Andaman and Nicobar Islands,8724,6638,2086
3/3/2021,Andaman and Nicobar Islands,8837,6749,2088
4/3/2021,Andaman and Nicobar Islands,9361,7266,2095
5/3/2021,Andaman and Nicobar Islands,9897,7799,2098
6/3/2021,Andaman and Nicobar Islands,10498,8288,2210
7/3/2021,Andaman and Nicobar Islands,11101,8848,2253
8/3/2021,Andaman and Nicobar Islands,12004,9629,2375
9/3/2021,Andaman and Nicobar Islands,9932,7542,2390
10/3/2021,Andaman and Nicobar Islands,10161,7735,2426
11/3/2021,Andaman and Nicobar Islands,10704,8218,2486
12/3/2021,Andaman and Nicobar Islands,11321,8735,2586
13/03/2021,Andaman and Nicobar Islands,11638,8899,2739
14/03/2021,Andaman and Nicobar Islands,11693,8926,2767
15/03/2021,Andaman and Nicobar Islands,12045,9202,2843
16/03/2021,Andaman and Nicobar Islands,14826,11950,2876
17/03/2021,Andaman and Nicobar Islands,15489,12509,2980
18/03/2021,Andaman and Nicobar Islands,16131,12948,3183
19/03/2021,Andaman and Nicobar Islands,16612,13293,3319
20/03/2021,Andaman and Nicobar Islands,17451,13852,3599
21/03/2021,Andaman and Nicobar Islands,17478,13868,3610
22/03/2021,Andaman and Nicobar Islands,18085,14327,3758
23/03/2021,Andaman and Nicobar Islands,19121,15017,4104
24/03/2021,Andaman and Nicobar Islands,19693,15247,4446
25/03/2021,Andaman and Nicobar Islands,20318,15652,4666
26/03/2021,Andaman and Nicobar Islands,20789,15933,4856
27/03/2021,Andaman and Nicobar Islands,21356,16292,5064
28/03/2021,Andaman and Nicobar Islands,21358,16293,5065
29/03/2021,Andaman and Nicobar Islands,21357,16292,5065
30/03/2021,Andaman and Nicobar Islands,21840,16701,5139
31/03/2021,Andaman and Nicobar Islands,21938,16798,5140
1/4/2021,Andaman and Nicobar Islands,22608,17435,5173
2/4/2021,Andaman and Nicobar Islands,22738,17559,5179
3/4/2021,Andaman and Nicobar Islands,23221,17998,5223
4/4/2021,Andaman and Nicobar Islands,23901,18677,5224
5/4/2021,Andaman and Nicobar Islands,24774,19499,5275
6/4/2021,Andaman and Nicobar Islands,25766,20445,5321
7/4/2021,Andaman and Nicobar Islands,27978,22631,5347
8/4/2021,Andaman and Nicobar Islands,30766,25363,5403
9/4/2021,Andaman and Nicobar Islands,33217,27698,5519
10/4/2021,Andaman and Nicobar Islands,35433,29863,5570
11/4/2021,Andaman and Nicobar Islands,37624,32012,5612
12/4/2021,Andaman and Nicobar Islands,42285,36572,5713
13/04/2021,Andaman and Nicobar Islands,48845,43013,5832
14/04/2021,Andaman and Nicobar Islands,55595,49654,5941
15/04/2021,Andaman and Nicobar Islands,60857,54778,6079
16/04/2021,Andaman and Nicobar Islands,67662,61339,6323
17/04/2021,Andaman and Nicobar Islands,74019,67451,6568
18/04/2021,Andaman and Nicobar Islands,78153,71275,6878
19/04/2021,Andaman and Nicobar Islands,83028,75675,7353
20/04/2021,Andaman and Nicobar Islands,86910,78973,7937
21/04/2021,Andaman and Nicobar Islands,89072,80901,8171
22/04/2021,Andaman and Nicobar Islands,91833,83233,8600
23/04/2021,Andaman and Nicobar Islands,94166,85201,8965
24/04/2021,Andaman and Nicobar Islands,96093,86796,9297
25/04/2021,Andaman and Nicobar Islands,97392,87865,9527
26/04/2021,Andaman and Nicobar Islands,99109,89290,9819
27/04/2021,Andaman and Nicobar Islands,100571,90454,10117
28/04/2021,Andaman and Nicobar Islands,101770,91394,10376
29/04/2021,Andaman and Nicobar Islands,102998,92417,10581
30/04/2021,Andaman and Nicobar Islands,104374,93493,10881
1/5/2021,Andaman and Nicobar Islands,105090,94002,11088
2/5/2021,Andaman and Nicobar Islands,105285,94125,11160
3/5/2021,Andaman and Nicobar Islands,106250,94633,11617
4/5/2021,Andaman and Nicobar Islands,107018,95064,11954
5/5/2021,Andaman and Nicobar Islands,107955,95500,12455
6/5/2021,Andaman and Nicobar Islands,109060,96229,12831
7/5/2021,Andaman and Nicobar Islands,110161,96970,13191
8/5/2021,Andaman and Nicobar Islands,111168,97639,13529
9/5/2021,Andaman and Nicobar Islands,111285,97748,13537
10/5/2021,Andaman and Nicobar Islands,112403,98439,13964
11/5/2021,Andaman and Nicobar Islands,113019,98845,14174
12/5/2021,Andaman and Nicobar Islands,113622,99218,14404
13/05/2021,Andaman and Nicobar Islands,114400,99602,14798
14/05/2021,Andaman and Nicobar Islands,114498,99690,14808
15/05/2021,Andaman and Nicobar Islands,115188,100058,15130
16/05/2021,Andaman and Nicobar Islands,115188,100058,15130
17/05/2021,Andaman and Nicobar Islands,115627,100492,15135
18/05/2021,Andaman and Nicobar Islands,115911,100773,15138
19/05/2021,Andaman and Nicobar Islands,116427,101277,15150
20/05/2021,Andaman and Nicobar Islands,117180,102027,15153
21/05/2021,Andaman and Nicobar Islands,117950,102795,15155
22/05/2021,Andaman and Nicobar Islands,118761,103605,15156
23/05/2021,Andaman and Nicobar Islands,119144,103988,15156
24/05/2021,Andaman and Nicobar Islands,119595,104439,15156
25/05/2021,Andaman and Nicobar Islands,120282,105124,15158
26/05/2021,Andaman and Nicobar Islands,121091,105933,15158
27/05/2021,Andaman and Nicobar Islands,121709,106548,15161
28/05/2021,Andaman and Nicobar Islands,122466,107304,15162
29/05/2021,Andaman and Nicobar Islands,123483,108317,15166
30/05/2021,Andaman and Nicobar Islands,123725,108559,15166
31/05/2021,Andaman and Nicobar Islands,124268,109087,15181
1/6/2021,Andaman and Nicobar Islands,125007,109821,15186
2/6/2021,Andaman and Nicobar Islands,125514,110323,15191
3/6/2021,Andaman and Nicobar Islands,126200,111001,15199
4/6/2021,Andaman and Nicobar Islands,126713,111506,15207
5/6/2021,Andaman and Nicobar Islands,127194,111971,15223
6/6/2021,Andaman and Nicobar Islands,127202,111979,15223
7/6/2021,Andaman and Nicobar Islands,127759,112507,15252
8/6/2021,Andaman and Nicobar Islands,128195,112917,15278
9/6/2021,Andaman and Nicobar Islands,128498,113207,15291
10/6/2021,Andaman and Nicobar Islands,129402,114098,15304
11/6/2021,Andaman and Nicobar Islands,130173,114850,15323
12/6/2021,Andaman and Nicobar Islands,131060,115708,15352
13/06/2021,Andaman and Nicobar Islands,131063,115711,15352
14/06/2021,Andaman and Nicobar Islands,132004,116632,15372
15/06/2021,Andaman and Nicobar Islands,132939,117545,15394
16/06/2021,Andaman and Nicobar Islands,133931,118511,15420
17/06/2021,Andaman and Nicobar Islands,134897,119448,15449
18/06/2021,Andaman and Nicobar Islands,135850,120382,15468
19/06/2021,Andaman and Nicobar Islands,136707,121201,15506
20/06/2021,Andaman and Nicobar Islands,136708,121202,15506
21/06/2021,Andaman and Nicobar Islands,137495,121964,15531
22/06/2021,Andaman and Nicobar Islands,140296,124729,15567
23/06/2021,Andaman and Nicobar Islands,144234,128630,15604
24/06/2021,Andaman and Nicobar Islands,149318,133533,15785
25/06/2021,Andaman and Nicobar Islands,154100,138254,15846
26/06/2021,Andaman and Nicobar Islands,159630,143329,16301
27/06/2021,Andaman and Nicobar Islands,161325,145019,16306
28/06/2021,Andaman and Nicobar Islands,165921,148486,17435
29/06/2021,Andaman and Nicobar Islands,171590,153048,18542
30/06/2021,Andaman and Nicobar Islands,176293,156470,19823
1/7/2021,Andaman and Nicobar Islands,178502,157304,21198
2/7/2021,Andaman and Nicobar Islands,181221,158335,22886
3/7/2021,Andaman and Nicobar Islands,184103,159330,24773
4/7/2021,Andaman and Nicobar Islands,184515,159342,25173
5/7/2021,Andaman and Nicobar Islands,189428,160292,29136
6/7/2021,Andaman and Nicobar Islands,196475,161400,35075
7/7/2021,Andaman and Nicobar Islands,,,
8/7/2021,Andaman and Nicobar Islands,,,
9/7/2021,Andaman and Nicobar Islands,,,
10/7/2021,Andaman and Nicobar Islands,,,
11/7/2021,Andaman and Nicobar Islands,,,
12/7/2021,Andaman and Nicobar Islands,,,
13/07/2021,Andaman and Nicobar Islands,,,
14/07/2021,Andaman and Nicobar Islands,,,
15/07/2021,Andaman and Nicobar Islands,,,
16/01/2021,Andhra Pradesh,4216,4216,0
17/01/2021,Andhra Pradesh,9251,9251,0
18/01/2021,Andhra Pradesh,12234,12234,0
19/01/2021,Andhra Pradesh,25539,25539,0
20/01/2021,Andhra Pradesh,35901,35901,0
21/01/2021,Andhra Pradesh,45040,45040,0
22/01/2021,Andhra Pradesh,55697,55697,0
23/01/2021,Andhra Pradesh,70380,70380,0
24/01/2021,Andhra Pradesh,74221,74221,0
25/01/2021,Andhra Pradesh,89879,89879,0
26/01/2021,Andhra Pradesh,90616,90616,0
27/01/2021,Andhra Pradesh,107999,107999,0
28/01/2021,Andhra Pradesh,117543,117543,0
29/01/2021,Andhra Pradesh,124647,124647,0
30/01/2021,Andhra Pradesh,133571,133571,0
31/01/2021,Andhra Pradesh,133623,133623,0
1/2/2021,Andhra Pradesh,133642,133642,0
2/2/2021,Andhra Pradesh,133646,133646,0
3/2/2021,Andhra Pradesh,161302,161302,0
4/2/2021,Andhra Pradesh,188704,188704,0
5/2/2021,Andhra Pradesh,218899,218899,0
6/2/2021,Andhra Pradesh,245938,245938,0
7/2/2021,Andhra Pradesh,249205,249205,0
8/2/2021,Andhra Pradesh,263588,263588,0
9/2/2021,Andhra Pradesh,275654,275654,0
10/2/2021,Andhra Pradesh,286401,286401,0
11/2/2021,Andhra Pradesh,294574,294574,0
12/2/2021,Andhra Pradesh,303031,303031,0
13/02/2021,Andhra Pradesh,319740,313507,6233
14/02/2021,Andhra Pradesh,319743,313509,6234
15/02/2021,Andhra Pradesh,345830,329041,16789
16/02/2021,Andhra Pradesh,370880,344146,26734
17/02/2021,Andhra Pradesh,402851,364844,38007
18/02/2021,Andhra Pradesh,414038,359785,54253
19/02/2021,Andhra Pradesh,476505,403279,73226
20/02/2021,Andhra Pradesh,501288,413818,87470
21/02/2021,Andhra Pradesh,509044,418634,90410
22/02/2021,Andhra Pradesh,534507,431789,102718
23/02/2021,Andhra Pradesh,559483,448490,110993
24/02/2021,Andhra Pradesh,596327,476866,119461
25/02/2021,Andhra Pradesh,639187,510185,129002
26/02/2021,Andhra Pradesh,673767,535955,137812
27/02/2021,Andhra Pradesh,673767,535955,137812
28/02/2021,Andhra Pradesh,673767,535955,137812
1/3/2021,Andhra Pradesh,673767,535955,137812
2/3/2021,Andhra Pradesh,702035,559569,142466
3/3/2021,Andhra Pradesh,724119,577662,146457
4/3/2021,Andhra Pradesh,749445,596324,153121
5/3/2021,Andhra Pradesh,785259,620332,164927
6/3/2021,Andhra Pradesh,836177,653058,183119
7/3/2021,Andhra Pradesh,836337,653146,183191
8/3/2021,Andhra Pradesh,886175,688936,197239
9/3/2021,Andhra Pradesh,740389,530098,210291
10/3/2021,Andhra Pradesh,781210,561939,219271
11/3/2021,Andhra Pradesh,789453,568693,220760
12/3/2021,Andhra Pradesh,837831,606440,231391
13/03/2021,Andhra Pradesh,881112,643857,237255
14/03/2021,Andhra Pradesh,881921,644610,237311
15/03/2021,Andhra Pradesh,955901,708969,246932
16/03/2021,Andhra Pradesh,1234075,976078,257997
17/03/2021,Andhra Pradesh,1380960,1112607,268353
18/03/2021,Andhra Pradesh,1472043,1194255,277788
19/03/2021,Andhra Pradesh,1569131,1280956,288175
20/03/2021,Andhra Pradesh,1681001,1381802,299199
21/03/2021,Andhra Pradesh,1689691,1389085,300606
22/03/2021,Andhra Pradesh,1803338,1494286,309052
23/03/2021,Andhra Pradesh,1939162,1617797,321365
24/03/2021,Andhra Pradesh,2062333,1729748,332585
25/03/2021,Andhra Pradesh,2211652,1864559,347093
26/03/2021,Andhra Pradesh,2320613,1960827,359786
27/03/2021,Andhra Pradesh,2451110,2078246,372864
28/03/2021,Andhra Pradesh,2461015,2086565,374450
29/03/2021,Andhra Pradesh,2527121,2149525,377596
30/03/2021,Andhra Pradesh,2621769,2234331,387438
31/03/2021,Andhra Pradesh,2725169,2328018,397151
1/4/2021,Andhra Pradesh,2825721,2421043,404678
2/4/2021,Andhra Pradesh,2898547,2487480,411067
3/4/2021,Andhra Pradesh,2986837,2566814,420023
4/4/2021,Andhra Pradesh,3047568,2621707,425861
5/4/2021,Andhra Pradesh,3142814,2706804,436010
6/4/2021,Andhra Pradesh,3207917,2764322,443595
7/4/2021,Andhra Pradesh,3352010,2890332,461678
8/4/2021,Andhra Pradesh,3496367,3020007,476360
9/4/2021,Andhra Pradesh,3571106,3081066,490040
10/4/2021,Andhra Pradesh,3803237,3281351,521886
11/4/2021,Andhra Pradesh,3892459,3362926,529533
12/4/2021,Andhra Pradesh,3913669,3380423,533246
13/04/2021,Andhra Pradesh,3918519,3383754,534765
14/04/2021,Andhra Pradesh,4558756,3973533,585223
15/04/2021,Andhra Pradesh,4597442,4003901,593541
16/04/2021,Andhra Pradesh,4603722,4007469,596253
17/04/2021,Andhra Pradesh,4607860,4009940,597920
18/04/2021,Andhra Pradesh,4613016,4013140,599876
19/04/2021,Andhra Pradesh,4756582,4140526,616056
20/04/2021,Andhra Pradesh,4927355,4234572,692783
21/04/2021,Andhra Pradesh,4968449,4257182,711267
22/04/2021,Andhra Pradesh,5327886,4337021,990865
23/04/2021,Andhra Pradesh,5554779,4464620,1090159
24/04/2021,Andhra Pradesh,5669867,4543318,1126549
25/04/2021,Andhra Pradesh,5678642,4547972,1130670
26/04/2021,Andhra Pradesh,5986083,4761686,1224397
27/04/2021,Andhra Pradesh,6177693,4904030,1273663
28/04/2021,Andhra Pradesh,6281949,4955046,1326903
29/04/2021,Andhra Pradesh,6353841,4988411,1365430
30/04/2021,Andhra Pradesh,6579034,5112011,1467023
1/5/2021,Andhra Pradesh,6694297,5174960,1519337
2/5/2021,Andhra Pradesh,6696325,5176393,1519932
3/5/2021,Andhra Pradesh,6732767,5195851,1536916
4/5/2021,Andhra Pradesh,6748028,5204180,1543848
5/5/2021,Andhra Pradesh,6947225,5273196,1674029
6/5/2021,Andhra Pradesh,7140106,5345545,1794561
7/5/2021,Andhra Pradesh,7255219,5393064,1862155
8/5/2021,Andhra Pradesh,7410800,5436592,1974208
9/5/2021,Andhra Pradesh,7425692,5443382,1982310
10/5/2021,Andhra Pradesh,7427778,5443951,1983827
11/5/2021,Andhra Pradesh,7463899,5450913,2012986
12/5/2021,Andhra Pradesh,7504394,5459958,2044436
13/05/2021,Andhra Pradesh,7551945,5470083,2081862
14/05/2021,Andhra Pradesh,7570886,5474544,2096342
15/05/2021,Andhra Pradesh,7651927,5484714,2167213
16/05/2021,Andhra Pradesh,7664356,5487757,2176599
17/05/2021,Andhra Pradesh,7731254,5504954,2226300
18/05/2021,Andhra Pradesh,7799705,5518465,2281240
19/05/2021,Andhra Pradesh,7835404,5529872,2305532
20/05/2021,Andhra Pradesh,7858242,5540108,2318134
21/05/2021,Andhra Pradesh,7893522,5553124,2340398
22/05/2021,Andhra Pradesh,7912356,5564360,2347996
23/05/2021,Andhra Pradesh,7916347,5565702,2350645
24/05/2021,Andhra Pradesh,8024687,5657964,2366723
25/05/2021,Andhra Pradesh,8166313,5791183,2375130
26/05/2021,Andhra Pradesh,8461498,6077585,2383913
27/05/2021,Andhra Pradesh,9041673,6646298,2395375
28/05/2021,Andhra Pradesh,9489396,7076650,2412746
29/05/2021,Andhra Pradesh,9756270,7274735,2481535
30/05/2021,Andhra Pradesh,9772924,7288465,2484459
31/05/2021,Andhra Pradesh,9868747,7356423,2512324
1/6/2021,Andhra Pradesh,10083415,7553586,2529829
2/6/2021,Andhra Pradesh,10243842,7696078,2547764
3/6/2021,Andhra Pradesh,10341301,7786969,2554332
4/6/2021,Andhra Pradesh,10708410,8141170,2567240
5/6/2021,Andhra Pradesh,10803822,8231348,2572474
6/6/2021,Andhra Pradesh,10869971,8293652,2576319
7/6/2021,Andhra Pradesh,11013621,8429887,2583734
8/6/2021,Andhra Pradesh,11059995,8472406,2587589
9/6/2021,Andhra Pradesh,11234803,8637923,2596880
10/6/2021,Andhra Pradesh,11496440,8891341,2605099
11/6/2021,Andhra Pradesh,11696369,9085932,2610437
12/6/2021,Andhra Pradesh,11877129,9257127,2620002
13/06/2021,Andhra Pradesh,11958631,9335665,2622966
14/06/2021,Andhra Pradesh,12319387,9683451,2635936
15/06/2021,Andhra Pradesh,12406367,9765707,2640660
16/06/2021,Andhra Pradesh,12439899,9795862,2644037
17/06/2021,Andhra Pradesh,12462701,9817124,2645577
18/06/2021,Andhra Pradesh,12487466,9838546,2648920
19/06/2021,Andhra Pradesh,12503233,9850955,2652278
20/06/2021,Andhra Pradesh,13940560,11201229,2739331
21/06/2021,Andhra Pradesh,14011163,11265333,2745830
22/06/2021,Andhra Pradesh,14058162,11306134,2752028
23/06/2021,Andhra Pradesh,14091954,11331864,2760090
24/06/2021,Andhra Pradesh,14404310,11586263,2818047
25/06/2021,Andhra Pradesh,14525647,11681453,2844194
26/06/2021,Andhra Pradesh,14827546,11920947,2906599
27/06/2021,Andhra Pradesh,14868799,11958632,2910167
28/06/2021,Andhra Pradesh,15094679,12120023,2974656
29/06/2021,Andhra Pradesh,15389049,12346836,3042213
30/06/2021,Andhra Pradesh,15703354,12587352,3116002
1/7/2021,Andhra Pradesh,15985323,12805075,3180248
2/7/2021,Andhra Pradesh,16331596,13098513,3233083
3/7/2021,Andhra Pradesh,16441282,13172868,3268414
4/7/2021,Andhra Pradesh,16459822,13188358,3271464
5/7/2021,Andhra Pradesh,16582123,13264570,3317553
6/7/2021,Andhra Pradesh,16633924,13298596,3335328
7/7/2021,Andhra Pradesh,,,
8/7/2021,Andhra Pradesh,,,
9/7/2021,Andhra Pradesh,,,
10/7/2021,Andhra Pradesh,,,
11/7/2021,Andhra Pradesh,,,
12/7/2021,Andhra Pradesh,,,
13/07/2021,Andhra Pradesh,,,
14/07/2021,Andhra Pradesh,,,
15/07/2021,Andhra Pradesh,,,
16/01/2021,Arunachal Pradesh,81,81,0
17/01/2021,Arunachal Pradesh,178,178,0
18/01/2021,Arunachal Pradesh,560,560,0
19/01/2021,Arunachal Pradesh,574,574,0
20/01/2021,Arunachal Pradesh,601,601,0
21/01/2021,Arunachal Pradesh,1154,1154,0
22/01/2021,Arunachal Pradesh,1818,1818,0
23/01/2021,Arunachal Pradesh,2446,2446,0
24/01/2021,Arunachal Pradesh,2529,2529,0
25/01/2021,Arunachal Pradesh,3442,3442,0
26/01/2021,Arunachal Pradesh,3462,3462,0
27/01/2021,Arunachal Pradesh,3998,3998,0
28/01/2021,Arunachal Pradesh,5470,5470,0
29/01/2021,Arunachal Pradesh,6106,6106,0
30/01/2021,Arunachal Pradesh,6491,6491,0
31/01/2021,Arunachal Pradesh,6525,6525,0
1/2/2021,Arunachal Pradesh,6668,6668,0
2/2/2021,Arunachal Pradesh,6668,6668,0
3/2/2021,Arunachal Pradesh,6758,6758,0
4/2/2021,Arunachal Pradesh,7785,7785,0
5/2/2021,Arunachal Pradesh,8745,8745,0
6/2/2021,Arunachal Pradesh,9288,9288,0
7/2/2021,Arunachal Pradesh,9292,9292,0
8/2/2021,Arunachal Pradesh,10438,10438,0
9/2/2021,Arunachal Pradesh,10465,10465,0
10/2/2021,Arunachal Pradesh,10529,10529,0
11/2/2021,Arunachal Pradesh,11372,11372,0
12/2/2021,Arunachal Pradesh,12173,12173,0
13/02/2021,Arunachal Pradesh,13707,13251,456
14/02/2021,Arunachal Pradesh,13730,13274,456
15/02/2021,Arunachal Pradesh,17018,15434,1584
16/02/2021,Arunachal Pradesh,17130,15546,1584
17/02/2021,Arunachal Pradesh,17136,15552,1584
18/02/2021,Arunachal Pradesh,20421,17389,3032
19/02/2021,Arunachal Pradesh,23982,19872,4110
20/02/2021,Arunachal Pradesh,24238,20018,4220
21/02/2021,Arunachal Pradesh,24238,20018,4220
22/02/2021,Arunachal Pradesh,26904,21550,5354
23/02/2021,Arunachal Pradesh,28444,22757,5687
24/02/2021,Arunachal Pradesh,28468,22781,5687
25/02/2021,Arunachal Pradesh,31209,24649,6560
26/02/2021,Arunachal Pradesh,32865,25903,6962
27/02/2021,Arunachal Pradesh,32865,25903,6962
28/02/2021,Arunachal Pradesh,32865,25903,6962
1/3/2021,Arunachal Pradesh,32865,25903,6962
2/3/2021,Arunachal Pradesh,37490,29841,7649
3/3/2021,Arunachal Pradesh,37937,30253,7684
4/3/2021,Arunachal Pradesh,41398,33136,8262
5/3/2021,Arunachal Pradesh,44881,35734,9147
6/3/2021,Arunachal Pradesh,46901,37249,9652
7/3/2021,Arunachal Pradesh,46960,37299,9661
8/3/2021,Arunachal Pradesh,49950,39451,10499
9/3/2021,Arunachal Pradesh,41504,30634,10870
10/3/2021,Arunachal Pradesh,41675,30769,10906
11/3/2021,Arunachal Pradesh,44509,32947,11562
12/3/2021,Arunachal Pradesh,46763,34659,12104
13/03/2021,Arunachal Pradesh,48143,35595,12548
14/03/2021,Arunachal Pradesh,48215,35654,12561
15/03/2021,Arunachal Pradesh,51378,38085,13293
16/03/2021,Arunachal Pradesh,63404,49653,13751
17/03/2021,Arunachal Pradesh,63870,50078,13792
18/03/2021,Arunachal Pradesh,67242,52511,14731
19/03/2021,Arunachal Pradesh,69729,54173,15556
20/03/2021,Arunachal Pradesh,71994,55919,16075
21/03/2021,Arunachal Pradesh,72176,56082,16094
22/03/2021,Arunachal Pradesh,75417,58541,16876
23/03/2021,Arunachal Pradesh,77761,60221,17540
24/03/2021,Arunachal Pradesh,77826,60269,17557
25/03/2021,Arunachal Pradesh,81124,62868,18256
26/03/2021,Arunachal Pradesh,84011,64976,19035
27/03/2021,Arunachal Pradesh,86161,66980,19181
28/03/2021,Arunachal Pradesh,86274,67041,19233
29/03/2021,Arunachal Pradesh,86714,67464,19250
30/03/2021,Arunachal Pradesh,88645,68649,19996
31/03/2021,Arunachal Pradesh,88794,68791,20003
1/4/2021,Arunachal Pradesh,94722,73266,21456
2/4/2021,Arunachal Pradesh,96882,75047,21835
3/4/2021,Arunachal Pradesh,100734,78114,22620
4/4/2021,Arunachal Pradesh,102608,79783,22825
5/4/2021,Arunachal Pradesh,106688,82757,23931
6/4/2021,Arunachal Pradesh,109164,84581,24583
7/4/2021,Arunachal Pradesh,113682,88000,25682
8/4/2021,Arunachal Pradesh,120397,93106,27291
9/4/2021,Arunachal Pradesh,126463,97939,28524
10/4/2021,Arunachal Pradesh,131302,101756,29546
11/4/2021,Arunachal Pradesh,134976,104975,30001
12/4/2021,Arunachal Pradesh,144137,112551,31586
13/04/2021,Arunachal Pradesh,151848,118825,33023
14/04/2021,Arunachal Pradesh,158012,124312,33700
15/04/2021,Arunachal Pradesh,161160,126950,34210
16/04/2021,Arunachal Pradesh,166632,130812,35820
17/04/2021,Arunachal Pradesh,170756,133947,36809
18/04/2021,Arunachal Pradesh,172614,135342,37272
19/04/2021,Arunachal Pradesh,180287,140794,39493
20/04/2021,Arunachal Pradesh,186002,145098,40904
21/04/2021,Arunachal Pradesh,190466,148680,41786
22/04/2021,Arunachal Pradesh,197443,153966,43477
23/04/2021,Arunachal Pradesh,204501,159167,45334
24/04/2021,Arunachal Pradesh,209180,162665,46515
25/04/2021,Arunachal Pradesh,210335,163535,46800
26/04/2021,Arunachal Pradesh,216717,168174,48543
27/04/2021,Arunachal Pradesh,222085,172178,49907
28/04/2021,Arunachal Pradesh,227853,176888,50965
29/04/2021,Arunachal Pradesh,234677,182123,52554
30/04/2021,Arunachal Pradesh,241423,187103,54320
1/5/2021,Arunachal Pradesh,245524,189910,55614
2/5/2021,Arunachal Pradesh,246580,190514,56066
3/5/2021,Arunachal Pradesh,252527,193841,58686
4/5/2021,Arunachal Pradesh,256929,196476,60453
5/5/2021,Arunachal Pradesh,261968,199517,62451
6/5/2021,Arunachal Pradesh,267741,202965,64776
7/5/2021,Arunachal Pradesh,273182,205709,67473
8/5/2021,Arunachal Pradesh,277640,207746,69894
9/5/2021,Arunachal Pradesh,278983,208414,70569
10/5/2021,Arunachal Pradesh,285021,210862,74159
11/5/2021,Arunachal Pradesh,288821,212600,76221
12/5/2021,Arunachal Pradesh,290786,214210,76576
13/05/2021,Arunachal Pradesh,293469,216168,77301
14/05/2021,Arunachal Pradesh,295034,217389,77645
15/05/2021,Arunachal Pradesh,296640,218759,77881
16/05/2021,Arunachal Pradesh,297055,219171,77884
17/05/2021,Arunachal Pradesh,302578,224664,77914
18/05/2021,Arunachal Pradesh,308245,230286,77959
19/05/2021,Arunachal Pradesh,313429,235462,77967
20/05/2021,Arunachal Pradesh,318150,240168,77982
21/05/2021,Arunachal Pradesh,321367,243375,77992
22/05/2021,Arunachal Pradesh,323227,245155,78072
23/05/2021,Arunachal Pradesh,324050,245978,78072
24/05/2021,Arunachal Pradesh,327082,248988,78094
25/05/2021,Arunachal Pradesh,328603,250439,78164
26/05/2021,Arunachal Pradesh,329432,251257,78175
27/05/2021,Arunachal Pradesh,330440,252251,78189
28/05/2021,Arunachal Pradesh,331507,253299,78208
29/05/2021,Arunachal Pradesh,332717,254447,78270
30/05/2021,Arunachal Pradesh,333067,254795,78272
31/05/2021,Arunachal Pradesh,334007,255678,78329
1/6/2021,Arunachal Pradesh,336634,258237,78397
2/6/2021,Arunachal Pradesh,343311,264847,78464
3/6/2021,Arunachal Pradesh,351449,272908,78541
4/6/2021,Arunachal Pradesh,362909,284334,78575
5/6/2021,Arunachal Pradesh,372776,294176,78600
6/6/2021,Arunachal Pradesh,376761,298148,78613
7/6/2021,Arunachal Pradesh,384701,306022,78679
8/6/2021,Arunachal Pradesh,390012,311287,78725
9/6/2021,Arunachal Pradesh,395757,316960,78797
10/6/2021,Arunachal Pradesh,400648,321736,78912
11/6/2021,Arunachal Pradesh,405483,326492,78991
12/6/2021,Arunachal Pradesh,410393,331364,79029
13/06/2021,Arunachal Pradesh,414648,335606,79042
14/06/2021,Arunachal Pradesh,420935,341823,79112
15/06/2021,Arunachal Pradesh,426293,347059,79234
16/06/2021,Arunachal Pradesh,438804,359462,79342
17/06/2021,Arunachal Pradesh,453458,374023,79435
18/06/2021,Arunachal Pradesh,468875,389369,79506
19/06/2021,Arunachal Pradesh,478167,398545,79622
20/06/2021,Arunachal Pradesh,480320,400684,79636
21/06/2021,Arunachal Pradesh,494030,414267,79763
22/06/2021,Arunachal Pradesh,505027,425013,80014
23/06/2021,Arunachal Pradesh,517112,436991,80121
24/06/2021,Arunachal Pradesh,529176,448592,80584
25/06/2021,Arunachal Pradesh,540634,459890,80744
26/06/2021,Arunachal Pradesh,551507,470168,81339
27/06/2021,Arunachal Pradesh,557701,475866,81835
28/06/2021,Arunachal Pradesh,573002,490029,82973
29/06/2021,Arunachal Pradesh,580543,496811,83732
30/06/2021,Arunachal Pradesh,593355,508826,84529
1/7/2021,Arunachal Pradesh,604172,518465,85707
2/7/2021,Arunachal Pradesh,614505,527034,87471
3/7/2021,Arunachal Pradesh,623711,534250,89461
4/7/2021,Arunachal Pradesh,629024,538776,90248
5/7/2021,Arunachal Pradesh,643509,549526,93983
6/7/2021,Arunachal Pradesh,654032,556622,97410
7/7/2021,Arunachal Pradesh,,,
8/7/2021,Arunachal Pradesh,,,
9/7/2021,Arunachal Pradesh,,,
10/7/2021,Arunachal Pradesh,,,
11/7/2021,Arunachal Pradesh,,,
12/7/2021,Arunachal Pradesh,,,
13/07/2021,Arunachal Pradesh,,,
14/07/2021,Arunachal Pradesh,,,
15/07/2021,Arunachal Pradesh,,,
16/01/2021,Assam,401,401,0
17/01/2021,Assam,466,466,0
18/01/2021,Assam,722,722,0
19/01/2021,Assam,1254,1254,0
20/01/2021,Assam,1254,1254,0
21/01/2021,Assam,2163,2163,0
22/01/2021,Assam,3947,3947,0
23/01/2021,Assam,4061,4061,0
24/01/2021,Assam,4416,4416,0
25/01/2021,Assam,10886,10886,0
26/01/2021,Assam,11021,11021,0
27/01/2021,Assam,12407,12407,0
28/01/2021,Assam,21430,21430,0
29/01/2021,Assam,29322,29322,0
30/01/2021,Assam,30573,30573,0
31/01/2021,Assam,30688,30688,0
1/2/2021,Assam,32329,32329,0
2/2/2021,Assam,34848,34848,0
3/2/2021,Assam,36100,36100,0
4/2/2021,Assam,52645,52645,0
5/2/2021,Assam,68628,68628,0
6/2/2021,Assam,78498,78498,0
7/2/2021,Assam,80284,80284,0
8/2/2021,Assam,91026,91026,0
9/2/2021,Assam,100295,100295,0
10/2/2021,Assam,103044,103044,0
11/2/2021,Assam,109906,109906,0
12/2/2021,Assam,117506,117506,0
13/02/2021,Assam,124056,122050,2006
14/02/2021,Assam,124177,122161,2016
15/02/2021,Assam,128424,124764,3660
16/02/2021,Assam,132946,127777,5169
17/02/2021,Assam,134325,128941,5384
18/02/2021,Assam,142950,135328,7622
19/02/2021,Assam,156552,146695,9857
20/02/2021,Assam,163919,153329,10590
21/02/2021,Assam,165621,155028,10593
22/02/2021,Assam,178910,165031,13879
23/02/2021,Assam,190166,174988,15178
24/02/2021,Assam,195245,179344,15901
25/02/2021,Assam,210946,189178,21768
26/02/2021,Assam,223134,195376,27758
27/02/2021,Assam,223134,195376,27758
28/02/2021,Assam,223134,195376,27758
1/3/2021,Assam,223134,195376,27758
2/3/2021,Assam,246658,216152,30506
3/3/2021,Assam,268169,236065,32104
4/3/2021,Assam,310530,272629,37901
5/3/2021,Assam,354473,307984,46489
6/3/2021,Assam,396169,343601,52568
7/3/2021,Assam,407866,354572,53294
8/3/2021,Assam,446529,385170,61359
9/3/2021,Assam,423058,354644,68414
10/3/2021,Assam,441178,368957,72221
11/3/2021,Assam,461071,385001,76070
12/3/2021,Assam,480338,399648,80690
13/03/2021,Assam,496625,412421,84204
14/03/2021,Assam,497722,413455,84267
15/03/2021,Assam,518114,429664,88450
16/03/2021,Assam,597787,505646,92141
17/03/2021,Assam,614990,520961,94029
18/03/2021,Assam,635553,537405,98148
19/03/2021,Assam,655677,552023,103654
20/03/2021,Assam,674602,565687,108915
21/03/2021,Assam,678170,568629,109541
22/03/2021,Assam,707326,590616,116710
23/03/2021,Assam,837889,711817,126072
24/03/2021,Assam,875007,745478,129529
25/03/2021,Assam,965022,828339,136683
26/03/2021,Assam,1020002,878784,141218
27/03/2021,Assam,1043681,900947,142734
28/03/2021,Assam,1044730,901960,142770
29/03/2021,Assam,1047861,904676,143185
30/03/2021,Assam,1080940,932808,148132
31/03/2021,Assam,1098355,946438,151917
1/4/2021,Assam,1127935,970643,157292
2/4/2021,Assam,1167002,1002220,164782
3/4/2021,Assam,1203976,1030573,173403
4/4/2021,Assam,1225287,1047611,177676
5/4/2021,Assam,1262224,1075940,186284
6/4/2021,Assam,1290110,1097741,192369
7/4/2021,Assam,1338480,1133750,204730
8/4/2021,Assam,1405074,1181704,223370
9/4/2021,Assam,1454260,1215483,238777
10/4/2021,Assam,1486087,1236130,249957
11/4/2021,Assam,1498693,1244425,254268
12/4/2021,Assam,1530751,1263243,267508
13/04/2021,Assam,1549948,1274714,275234
14/04/2021,Assam,1553876,1276940,276936
15/04/2021,Assam,1555448,1277864,277584
16/04/2021,Assam,1564454,1282985,281469
17/04/2021,Assam,1586181,1295462,290719
18/04/2021,Assam,1597465,1302992,294473
19/04/2021,Assam,1676713,1351522,325191
20/04/2021,Assam,1770372,1415214,355158
21/04/2021,Assam,1824812,1454891,369921
22/04/2021,Assam,1898130,1508583,389547
23/04/2021,Assam,1960809,1556972,403837
24/04/2021,Assam,2005823,1592952,412871
25/04/2021,Assam,2020521,1605126,415395
26/04/2021,Assam,2104727,1664201,440526
27/04/2021,Assam,2192325,1728642,463683
28/04/2021,Assam,2242653,1766829,475824
29/04/2021,Assam,2349267,1846567,502700
30/04/2021,Assam,2480734,1946800,533934
1/5/2021,Assam,2574065,2020530,553535
2/5/2021,Assam,2589899,2033174,556725
3/5/2021,Assam,2675846,2096948,578898
4/5/2021,Assam,2751204,2152500,598704
5/5/2021,Assam,2785838,2176851,608987
6/5/2021,Assam,2835452,2211808,623644
7/5/2021,Assam,2919568,2277554,642014
8/5/2021,Assam,3002857,2346318,656539
9/5/2021,Assam,3027029,2366422,660607
10/5/2021,Assam,3120516,2434046,686470
11/5/2021,Assam,3197150,2487465,709685
12/5/2021,Assam,3233331,2518410,714921
13/05/2021,Assam,3280423,2556294,724129
14/05/2021,Assam,3305992,2578539,727453
15/05/2021,Assam,3362553,2631676,730877
16/05/2021,Assam,3401496,2670104,731392
17/05/2021,Assam,3471991,2730754,741237
18/05/2021,Assam,3531930,2782676,749254
19/05/2021,Assam,3569472,2815640,753832
20/05/2021,Assam,3620350,2859912,760438
21/05/2021,Assam,3665676,2898355,767321
22/05/2021,Assam,3716056,2938533,777523
23/05/2021,Assam,3753633,2972648,780985
24/05/2021,Assam,3830284,3034071,796213
25/05/2021,Assam,3899915,3091355,808560
26/05/2021,Assam,3935243,3121529,813714
27/05/2021,Assam,3981992,3162794,819198
28/05/2021,Assam,4027266,3203859,823407
29/05/2021,Assam,4073879,3246700,827179
30/05/2021,Assam,4094193,3265432,828761
31/05/2021,Assam,4137653,3304493,833160
1/6/2021,Assam,4174820,3337376,837444
2/6/2021,Assam,4200000,3359700,840300
3/6/2021,Assam,4235371,3392421,842950
4/6/2021,Assam,4274481,3429205,845276
5/6/2021,Assam,4315221,3467449,847772
6/6/2021,Assam,4339728,3489368,850360
7/6/2021,Assam,4389697,3534232,855465
8/6/2021,Assam,4451360,3590740,860620
9/6/2021,Assam,4491566,3623460,868106
10/6/2021,Assam,4585754,3695526,890228
11/6/2021,Assam,4674511,3769894,904617
12/6/2021,Assam,4758849,3841521,917328
13/06/2021,Assam,4811949,3883727,928222
14/06/2021,Assam,4891540,3937220,954320
15/06/2021,Assam,4951863,3984232,967631
16/06/2021,Assam,4998717,4018537,980180
17/06/2021,Assam,5092307,4089782,1002525
18/06/2021,Assam,5210614,4179861,1030753
19/06/2021,Assam,5324600,4269193,1055407
20/06/2021,Assam,5360385,4294662,1065723
21/06/2021,Assam,5721227,4635279,1085948
22/06/2021,Assam,5989078,4885776,1103302
23/06/2021,Assam,6354626,5233285,1121341
24/06/2021,Assam,6523851,5387805,1136046
25/06/2021,Assam,6688421,5535855,1152566
26/06/2021,Assam,6841405,5658679,1182726
27/06/2021,Assam,6854797,5668536,1186261
28/06/2021,Assam,6976615,5765156,1211459
29/06/2021,Assam,7008658,5785111,1223547
30/06/2021,Assam,7022922,5792056,1230866
1/7/2021,Assam,7206783,5957147,1249636
2/7/2021,Assam,7445311,6169491,1275820
3/7/2021,Assam,7597121,6302541,1294580
4/7/2021,Assam,7629506,6329978,1299528
5/7/2021,Assam,7690157,6380179,1309978
6/7/2021,Assam,7712614,6396900,1315714
7/7/2021,Assam,,,
8/7/2021,Assam,,,
9/7/2021,Assam,,,
10/7/2021,Assam,,,
11/7/2021,Assam,,,
12/7/2021,Assam,,,
13/07/2021,Assam,,,
14/07/2021,Assam,,,
15/07/2021,Assam,,,
16/01/2021,Bihar,2967,2967,0
17/01/2021,Bihar,3700,3700,0
18/01/2021,Bihar,7883,7883,0
19/01/2021,Bihar,15546,15546,0
20/01/2021,Bihar,16183,16183,0
21/01/2021,Bihar,25254,25254,0
22/01/2021,Bihar,25773,25773,0
23/01/2021,Bihar,38409,38409,0
24/01/2021,Bihar,38787,38787,0
25/01/2021,Bihar,51676,51676,0
26/01/2021,Bihar,51808,51808,0
27/01/2021,Bihar,53222,53222,0
28/01/2021,Bihar,70412,70412,0
29/01/2021,Bihar,73181,73181,0
30/01/2021,Bihar,105751,105751,0
31/01/2021,Bihar,108889,108889,0
1/2/2021,Bihar,144845,144845,0
2/2/2021,Bihar,181290,181290,0
3/2/2021,Bihar,219359,219359,0
4/2/2021,Bihar,263973,263973,0
5/2/2021,Bihar,308439,308439,0
6/2/2021,Bihar,330327,330327,0
7/2/2021,Bihar,335765,335765,0
8/2/2021,Bihar,353743,353743,0
9/2/2021,Bihar,373801,373801,0
10/2/2021,Bihar,388881,388881,0
11/2/2021,Bihar,409263,409263,0
12/2/2021,Bihar,430554,430554,0
13/02/2021,Bihar,451761,451706,55
14/02/2021,Bihar,452991,452936,55
15/02/2021,Bihar,483813,470549,13264
16/02/2021,Bihar,485733,472215,13518
17/02/2021,Bihar,496507,481352,15155
18/02/2021,Bihar,529891,497328,32563
19/02/2021,Bihar,547003,512327,34676
20/02/2021,Bihar,557762,519360,38402
21/02/2021,Bihar,558309,519787,38522
22/02/2021,Bihar,579548,523685,55863
23/02/2021,Bihar,588882,530477,58405
24/02/2021,Bihar,597807,538212,59595
25/02/2021,Bihar,621233,546161,75072
26/02/2021,Bihar,637549,559321,78228
27/02/2021,Bihar,637549,559321,78228
28/02/2021,Bihar,637549,559321,78228
1/3/2021,Bihar,637549,559321,78228
2/3/2021,Bihar,658177,568137,90040
3/3/2021,Bihar,689592,581124,108468
4/3/2021,Bihar,733670,598233,135437
5/3/2021,Bihar,777943,618296,159647
6/3/2021,Bihar,828652,643684,184968
7/3/2021,Bihar,830495,644690,185805
8/3/2021,Bihar,996855,784521,212334
9/3/2021,Bihar,882786,650004,232782
10/3/2021,Bihar,945716,695938,249778
11/3/2021,Bihar,951238,700136,251102
12/3/2021,Bihar,1068778,798011,270767
13/03/2021,Bihar,1155115,864349,290766
14/03/2021,Bihar,1159704,867980,291724
15/03/2021,Bihar,1238681,928808,309873
16/03/2021,Bihar,1521806,1197777,324029
17/03/2021,Bihar,1633471,1299718,333753
18/03/2021,Bihar,1709461,1364201,345260
19/03/2021,Bihar,1781915,1427007,354908
20/03/2021,Bihar,1868362,1502913,365449
21/03/2021,Bihar,1893344,1526471,366873
22/03/2021,Bihar,1960951,1588734,372217
23/03/2021,Bihar,2090147,1708266,381881
24/03/2021,Bihar,2199108,1810293,388815
25/03/2021,Bihar,2326623,1931442,395181
26/03/2021,Bihar,2440263,2039444,400819
27/03/2021,Bihar,2555647,2150425,405222
28/03/2021,Bihar,2584553,2179032,405521
29/03/2021,Bihar,2587193,2181647,405546
30/03/2021,Bihar,2632950,2225891,407059
31/03/2021,Bihar,2739610,2326918,412692
1/4/2021,Bihar,2851813,2433633,418180
2/4/2021,Bihar,3064854,2638486,426368
3/4/2021,Bihar,3195814,2763236,432578
4/4/2021,Bihar,3346839,2908130,438709
5/4/2021,Bihar,3478610,3031775,446835
6/4/2021,Bihar,3676143,3217315,458828
7/4/2021,Bihar,3981969,3500712,481257
8/4/2021,Bihar,4165803,3663711,502092
9/4/2021,Bihar,4233637,3721775,511862
10/4/2021,Bihar,4491227,3953983,537244
11/4/2021,Bihar,4744755,4188252,556503
12/4/2021,Bihar,4952445,4372599,579846
13/04/2021,Bihar,5049345,4456899,592446
14/04/2021,Bihar,5225646,4608655,616991
15/04/2021,Bihar,5352860,4714910,637950
16/04/2021,Bihar,5426287,4774916,651371
17/04/2021,Bihar,5578006,4895185,682821
18/04/2021,Bihar,5686374,4984400,701974
19/04/2021,Bihar,5836677,5099038,737639
20/04/2021,Bihar,5964087,5195367,768720
21/04/2021,Bihar,6057111,5265128,791983
22/04/2021,Bihar,6169648,5344307,825341
23/04/2021,Bihar,6270782,5415848,854934
24/04/2021,Bihar,6362064,5480243,881821
25/04/2021,Bihar,6437127,5534535,902592
26/04/2021,Bihar,6557857,5615151,942706
27/04/2021,Bihar,6661790,5686449,975341
28/04/2021,Bihar,6761471,5752082,1009389
29/04/2021,Bihar,6869722,5821599,1048123
30/04/2021,Bihar,6967492,5881859,1085633
1/5/2021,Bihar,7047770,5928725,1119045
2/5/2021,Bihar,7110550,5965407,1145143
3/5/2021,Bihar,7233171,6027693,1205478
4/5/2021,Bihar,7359866,6092049,1267817
5/5/2021,Bihar,7475869,6150797,1325072
6/5/2021,Bihar,7604097,6212706,1391391
7/5/2021,Bihar,7698767,6261291,1437476
8/5/2021,Bihar,7782756,6304398,1478358
9/5/2021,Bihar,7905698,6411990,1493708
10/5/2021,Bihar,8108459,6552924,1555535
11/5/2021,Bihar,8289734,6669849,1619885
12/5/2021,Bihar,8410850,6771938,1638912
13/05/2021,Bihar,8568033,6907777,1660256
14/05/2021,Bihar,8713263,7038183,1675080
15/05/2021,Bihar,8869524,7180068,1689456
16/05/2021,Bihar,8994996,7303994,1691002
17/05/2021,Bihar,9108969,7411900,1697069
18/05/2021,Bihar,9188143,7483076,1705067
19/05/2021,Bihar,9244503,7533234,1711269
20/05/2021,Bihar,9364319,7649684,1714635
21/05/2021,Bihar,9461804,7740228,1721576
22/05/2021,Bihar,9521984,7792417,1729567
23/05/2021,Bihar,9680319,7946124,1734195
24/05/2021,Bihar,9866975,8126351,1740624
25/05/2021,Bihar,9988331,8240377,1747954
26/05/2021,Bihar,10065594,8310987,1754607
27/05/2021,Bihar,10117955,8358232,1759723
28/05/2021,Bihar,10151853,8387278,1764575
29/05/2021,Bihar,10204573,8431414,1773159
30/05/2021,Bihar,10247415,8467861,1779554
31/05/2021,Bihar,10307600,8516097,1791503
1/6/2021,Bihar,10366689,8563603,1803086
2/6/2021,Bihar,10424975,8612656,1812319
3/6/2021,Bihar,10585288,8764409,1820879
4/6/2021,Bihar,10772252,8941673,1830579
5/6/2021,Bihar,10922525,9083469,1839056
6/6/2021,Bihar,11030034,9183267,1846767
7/6/2021,Bihar,11134737,9277636,1857101
8/6/2021,Bihar,11231592,9362801,1868791
9/6/2021,Bihar,11409331,9530621,1878710
10/6/2021,Bihar,11599819,9712352,1887467
11/6/2021,Bihar,11778969,9881658,1897311
12/6/2021,Bihar,11938798,10032415,1906383
13/06/2021,Bihar,12032029,10119417,1912612
14/06/2021,Bihar,12133333,10210633,1922700
15/06/2021,Bihar,12205407,10273357,1932050
16/06/2021,Bihar,12716811,10763130,1953681
17/06/2021,Bihar,12982413,10995411,1987002
18/06/2021,Bihar,13174680,11158741,2015939
19/06/2021,Bihar,13509656,11471642,2038014
20/06/2021,Bihar,13680378,11630826,2049552
21/06/2021,Bihar,14235058,12161634,2073424
22/06/2021,Bihar,14642396,12546864,2095532
23/06/2021,Bihar,14978417,12863306,2115111
24/06/2021,Bihar,15264572,13127210,2137362
25/06/2021,Bihar,15512516,13355865,2156651
26/06/2021,Bihar,15683198,13508016,2175182
27/06/2021,Bihar,15744915,13562883,2182032
28/06/2021,Bihar,15802730,13608219,2194511
29/06/2021,Bihar,15856079,13650265,2205814
30/06/2021,Bihar,15899022,13683539,2215483
1/7/2021,Bihar,16116113,13863804,2252309
2/7/2021,Bihar,16716028,14384051,2331977
3/7/2021,Bihar,17118573,14723129,2395444
4/7/2021,Bihar,17255736,14835284,2420452
5/7/2021,Bihar,17384095,14935067,2449028
6/7/2021,Bihar,17526845,15046903,2479942
7/7/2021,Bihar,,,
8/7/2021,Bihar,,,
9/7/2021,Bihar,,,
10/7/2021,Bihar,,,
11/7/2021,Bihar,,,
12/7/2021,Bihar,,,
13/07/2021,Bihar,,,
14/07/2021,Bihar,,,
15/07/2021,Bihar,,,
16/01/2021,Chandigarh,120,120,0
17/01/2021,Chandigarh,120,120,0
18/01/2021,Chandigarh,158,158,0
19/01/2021,Chandigarh,165,165,0
20/01/2021,Chandigarh,165,165,0
21/01/2021,Chandigarh,281,281,0
22/01/2021,Chandigarh,507,507,0
23/01/2021,Chandigarh,790,790,0
24/01/2021,Chandigarh,797,797,0
25/01/2021,Chandigarh,1172,1172,0
26/01/2021,Chandigarh,1174,1174,0
27/01/2021,Chandigarh,1519,1519,0
28/01/2021,Chandigarh,1821,1821,0
29/01/2021,Chandigarh,1874,1874,0
30/01/2021,Chandigarh,2206,2206,0
31/01/2021,Chandigarh,2217,2217,0
1/2/2021,Chandigarh,2390,2390,0
2/2/2021,Chandigarh,2492,2492,0
3/2/2021,Chandigarh,2808,2808,0
4/2/2021,Chandigarh,3150,3150,0
5/2/2021,Chandigarh,3511,3511,0
6/2/2021,Chandigarh,3858,3858,0
7/2/2021,Chandigarh,3858,3858,0
8/2/2021,Chandigarh,4189,4189,0
9/2/2021,Chandigarh,4571,4571,0
10/2/2021,Chandigarh,5004,5004,0
11/2/2021,Chandigarh,5480,5480,0
12/2/2021,Chandigarh,6056,6056,0
13/02/2021,Chandigarh,6826,6709,117
14/02/2021,Chandigarh,6829,6712,117
15/02/2021,Chandigarh,7332,7214,118
16/02/2021,Chandigarh,8018,7836,182
17/02/2021,Chandigarh,8561,8364,197
18/02/2021,Chandigarh,9187,8789,398
19/02/2021,Chandigarh,10065,9554,511
20/02/2021,Chandigarh,11125,10379,746
21/02/2021,Chandigarh,11125,10379,746
22/02/2021,Chandigarh,12291,11279,1012
23/02/2021,Chandigarh,13594,12449,1145
24/02/2021,Chandigarh,14889,13675,1214
25/02/2021,Chandigarh,16579,15100,1479
26/02/2021,Chandigarh,18567,16927,1640
27/02/2021,Chandigarh,18567,16927,1640
28/02/2021,Chandigarh,18567,16927,1640
1/3/2021,Chandigarh,18567,16927,1640
2/3/2021,Chandigarh,21667,19725,1942
3/3/2021,Chandigarh,23900,21765,2135
4/3/2021,Chandigarh,26149,23665,2484
5/3/2021,Chandigarh,28397,25595,2802
6/3/2021,Chandigarh,30679,27526,3153
7/3/2021,Chandigarh,30902,27748,3154
8/3/2021,Chandigarh,33476,29863,3613
9/3/2021,Chandigarh,32738,28622,4116
10/3/2021,Chandigarh,35205,30598,4607
11/3/2021,Chandigarh,35992,31298,4694
12/3/2021,Chandigarh,38260,33104,5156
13/03/2021,Chandigarh,40522,34856,5666
14/03/2021,Chandigarh,40701,34965,5736
15/03/2021,Chandigarh,43221,36848,6373
16/03/2021,Chandigarh,49179,42234,6945
17/03/2021,Chandigarh,57449,50040,7409
18/03/2021,Chandigarh,59520,51658,7862
19/03/2021,Chandigarh,61642,53379,8263
20/03/2021,Chandigarh,63645,54986,8659
21/03/2021,Chandigarh,63808,55144,8664
22/03/2021,Chandigarh,65746,56588,9158
23/03/2021,Chandigarh,67392,57782,9610
24/03/2021,Chandigarh,68959,58992,9967
25/03/2021,Chandigarh,70827,60519,10308
26/03/2021,Chandigarh,72558,61839,10719
27/03/2021,Chandigarh,74151,63168,10983
28/03/2021,Chandigarh,74257,63269,10988
29/03/2021,Chandigarh,74284,63294,10990
30/03/2021,Chandigarh,76009,64574,11435
31/03/2021,Chandigarh,77711,65748,11963
1/4/2021,Chandigarh,81055,68591,12464
2/4/2021,Chandigarh,84378,71565,12813
3/4/2021,Chandigarh,87837,74528,13309
4/4/2021,Chandigarh,90843,77241,13602
5/4/2021,Chandigarh,94240,80058,14182
6/4/2021,Chandigarh,96011,81444,14567
7/4/2021,Chandigarh,101532,85979,15553
8/4/2021,Chandigarh,105815,89382,16433
9/4/2021,Chandigarh,110149,92814,17335
10/4/2021,Chandigarh,115008,96744,18264
11/4/2021,Chandigarh,118155,99484,18671
12/4/2021,Chandigarh,122941,103131,19810
13/04/2021,Chandigarh,126850,106139,20711
14/04/2021,Chandigarh,130380,108803,21577
15/04/2021,Chandigarh,134563,111665,22898
16/04/2021,Chandigarh,139146,114800,24346
17/04/2021,Chandigarh,143254,117734,25520
18/04/2021,Chandigarh,145600,119500,26100
19/04/2021,Chandigarh,149987,122192,27795
20/04/2021,Chandigarh,154584,124937,29647
21/04/2021,Chandigarh,158565,127635,30930
22/04/2021,Chandigarh,163872,130884,32988
23/04/2021,Chandigarh,169439,134397,35042
24/04/2021,Chandigarh,174721,137994,36727
25/04/2021,Chandigarh,178655,140795,37860
26/04/2021,Chandigarh,184252,144305,39947
27/04/2021,Chandigarh,190041,148026,42015
28/04/2021,Chandigarh,196055,151928,44127
29/04/2021,Chandigarh,201907,155689,46218
30/04/2021,Chandigarh,208489,160071,48418
1/5/2021,Chandigarh,213216,163599,49617
2/5/2021,Chandigarh,215894,165617,50277
3/5/2021,Chandigarh,220462,168672,51790
4/5/2021,Chandigarh,225542,172057,53485
5/5/2021,Chandigarh,230822,175618,55204
6/5/2021,Chandigarh,237473,179429,58044
7/5/2021,Chandigarh,243450,183067,60383
8/5/2021,Chandigarh,250441,187445,62996
9/5/2021,Chandigarh,254612,190204,64408
10/5/2021,Chandigarh,260309,193540,66769
11/5/2021,Chandigarh,265527,196808,68719
12/5/2021,Chandigarh,269353,199576,69777
13/05/2021,Chandigarh,273766,202829,70937
14/05/2021,Chandigarh,278699,206572,72127
15/05/2021,Chandigarh,284834,211162,73672
16/05/2021,Chandigarh,285946,212260,73686
17/05/2021,Chandigarh,290561,216622,73939
18/05/2021,Chandigarh,294430,220312,74118
19/05/2021,Chandigarh,298281,224068,74213
20/05/2021,Chandigarh,302065,227748,74317
21/05/2021,Chandigarh,306407,231985,74422
22/05/2021,Chandigarh,312342,237720,74622
23/05/2021,Chandigarh,315428,240804,74624
24/05/2021,Chandigarh,320496,245841,74655
25/05/2021,Chandigarh,323442,248749,74693
26/05/2021,Chandigarh,324892,250185,74707
27/05/2021,Chandigarh,329825,255083,74742
28/05/2021,Chandigarh,334628,259802,74826
29/05/2021,Chandigarh,339601,264747,74854
30/05/2021,Chandigarh,343466,268609,74857
31/05/2021,Chandigarh,349507,274606,74901
1/6/2021,Chandigarh,355311,280378,74933
2/6/2021,Chandigarh,360794,285834,74960
3/6/2021,Chandigarh,366709,291718,74991
4/6/2021,Chandigarh,372191,297146,75045
5/6/2021,Chandigarh,377873,302775,75098
6/6/2021,Chandigarh,379943,304833,75110
7/6/2021,Chandigarh,383353,308126,75227
8/6/2021,Chandigarh,384919,309608,75311
9/6/2021,Chandigarh,387273,311860,75413
10/6/2021,Chandigarh,389571,314057,75514
11/6/2021,Chandigarh,395515,319892,75623
12/6/2021,Chandigarh,401380,325649,75731
13/06/2021,Chandigarh,405319,329564,75755
14/06/2021,Chandigarh,412175,336282,75893
15/06/2021,Chandigarh,419164,343058,76106
16/06/2021,Chandigarh,425495,349204,76291
17/06/2021,Chandigarh,432584,356082,76502
18/06/2021,Chandigarh,440585,363813,76772
19/06/2021,Chandigarh,450057,372899,77158
20/06/2021,Chandigarh,453577,376354,77223
21/06/2021,Chandigarh,460426,382966,77460
22/06/2021,Chandigarh,468436,390586,77850
23/06/2021,Chandigarh,475527,397301,78226
24/06/2021,Chandigarh,482326,403380,78946
25/06/2021,Chandigarh,489480,409614,79866
26/06/2021,Chandigarh,498862,417304,81558
27/06/2021,Chandigarh,504126,421745,82381
28/06/2021,Chandigarh,511843,427780,84063
29/06/2021,Chandigarh,519880,434020,85860
30/06/2021,Chandigarh,526877,439301,87576
1/7/2021,Chandigarh,533897,444544,89353
2/7/2021,Chandigarh,541103,449392,91711
3/7/2021,Chandigarh,551586,456634,94952
4/7/2021,Chandigarh,558150,461440,96710
5/7/2021,Chandigarh,566601,467197,99404
6/7/2021,Chandigarh,574184,472038,102146
7/7/2021,Chandigarh,,,
8/7/2021,Chandigarh,,,
9/7/2021,Chandigarh,,,
10/7/2021,Chandigarh,,,
11/7/2021,Chandigarh,,,
12/7/2021,Chandigarh,,,
13/07/2021,Chandigarh,,,
14/07/2021,Chandigarh,,,
15/07/2021,Chandigarh,,,
16/01/2021,Chhattisgarh,1040,1040,0
17/01/2021,Chhattisgarh,1040,1040,0
18/01/2021,Chhattisgarh,1656,1656,0
19/01/2021,Chhattisgarh,2014,2014,0
20/01/2021,Chhattisgarh,3351,3351,0
21/01/2021,Chhattisgarh,5752,5752,0
22/01/2021,Chhattisgarh,5807,5807,0
23/01/2021,Chhattisgarh,12185,12185,0
24/01/2021,Chhattisgarh,12506,12506,0
25/01/2021,Chhattisgarh,24018,24018,0
26/01/2021,Chhattisgarh,24120,24120,0
27/01/2021,Chhattisgarh,36363,36363,0
28/01/2021,Chhattisgarh,46869,46869,0
29/01/2021,Chhattisgarh,47318,47318,0
30/01/2021,Chhattisgarh,57446,57446,0
31/01/2021,Chhattisgarh,57455,57455,0
1/2/2021,Chhattisgarh,61482,61482,0
2/2/2021,Chhattisgarh,64509,64509,0
3/2/2021,Chhattisgarh,86044,86044,0
4/2/2021,Chhattisgarh,115725,115725,0
5/2/2021,Chhattisgarh,135072,135072,0
6/2/2021,Chhattisgarh,153515,153515,0
7/2/2021,Chhattisgarh,153531,153531,0
8/2/2021,Chhattisgarh,168873,168873,0
9/2/2021,Chhattisgarh,182898,182898,0
10/2/2021,Chhattisgarh,201792,201792,0
11/2/2021,Chhattisgarh,218958,218958,0
12/2/2021,Chhattisgarh,234012,234012,0
13/02/2021,Chhattisgarh,249169,248307,862
14/02/2021,Chhattisgarh,250235,249309,926
15/02/2021,Chhattisgarh,277098,271832,5266
16/02/2021,Chhattisgarh,294241,287420,6821
17/02/2021,Chhattisgarh,312728,302752,9976
18/02/2021,Chhattisgarh,329628,315032,14596
19/02/2021,Chhattisgarh,348220,331802,16418
20/02/2021,Chhattisgarh,362135,341230,20905
21/02/2021,Chhattisgarh,363144,342208,20936
22/02/2021,Chhattisgarh,380439,351864,28575
23/02/2021,Chhattisgarh,389928,358547,31381
24/02/2021,Chhattisgarh,405172,365643,39529
25/02/2021,Chhattisgarh,420647,372248,48399
26/02/2021,Chhattisgarh,428473,376718,51755
27/02/2021,Chhattisgarh,428473,376718,51755
28/02/2021,Chhattisgarh,428473,376718,51755
1/3/2021,Chhattisgarh,428473,376718,51755
2/3/2021,Chhattisgarh,459117,397759,61358
3/3/2021,Chhattisgarh,488780,417448,71332
4/3/2021,Chhattisgarh,533925,445300,88625
5/3/2021,Chhattisgarh,578118,474620,103498
6/3/2021,Chhattisgarh,632575,512183,120392
7/3/2021,Chhattisgarh,634619,514086,120533
8/3/2021,Chhattisgarh,684432,551009,133423
9/3/2021,Chhattisgarh,600698,456120,144578
10/3/2021,Chhattisgarh,649606,489919,159687
11/3/2021,Chhattisgarh,654318,493373,160945
12/3/2021,Chhattisgarh,700964,524628,176336
13/03/2021,Chhattisgarh,757035,565547,191488
14/03/2021,Chhattisgarh,764290,572176,192114
15/03/2021,Chhattisgarh,840424,632277,208147
16/03/2021,Chhattisgarh,1043000,821735,221265
17/03/2021,Chhattisgarh,1155353,920994,234359
18/03/2021,Chhattisgarh,1233656,987493,246163
19/03/2021,Chhattisgarh,1300911,1043993,256918
20/03/2021,Chhattisgarh,1382139,1115002,267137
21/03/2021,Chhattisgarh,1390076,1122049,268027
22/03/2021,Chhattisgarh,1446236,1170273,275963
23/03/2021,Chhattisgarh,1492021,1207717,284304
24/03/2021,Chhattisgarh,1536898,1246634,290264
25/03/2021,Chhattisgarh,1596613,1300439,296174
26/03/2021,Chhattisgarh,1660268,1359811,300457
27/03/2021,Chhattisgarh,1773189,1468773,304416
28/03/2021,Chhattisgarh,1807760,1502883,304877
29/03/2021,Chhattisgarh,1808453,1503420,305033
30/03/2021,Chhattisgarh,1863632,1554803,308829
31/03/2021,Chhattisgarh,1977918,1662021,315897
1/4/2021,Chhattisgarh,2113279,1791743,321536
2/4/2021,Chhattisgarh,2420539,2089641,330898
3/4/2021,Chhattisgarh,2645394,2307001,338393
4/4/2021,Chhattisgarh,2954955,2607721,347234
5/4/2021,Chhattisgarh,3071531,2718779,352752
6/4/2021,Chhattisgarh,3170579,2812713,357866
7/4/2021,Chhattisgarh,3399416,3031106,368310
8/4/2021,Chhattisgarh,3705558,3322112,383446
9/4/2021,Chhattisgarh,3935158,3540293,394865
10/4/2021,Chhattisgarh,4127809,3721410,406399
11/4/2021,Chhattisgarh,4303664,3888257,415407
12/4/2021,Chhattisgarh,4462366,4033441,428925
13/04/2021,Chhattisgarh,4559739,4121532,438207
14/04/2021,Chhattisgarh,4634362,4186570,447792
15/04/2021,Chhattisgarh,4680227,4223870,456357
16/04/2021,Chhattisgarh,4749614,4280059,469555
17/04/2021,Chhattisgarh,4870174,4376707,493467
18/04/2021,Chhattisgarh,4956412,4448418,507994
19/04/2021,Chhattisgarh,5043193,4516858,526335
20/04/2021,Chhattisgarh,5102706,4561812,540894
21/04/2021,Chhattisgarh,5146543,4594052,552491
22/04/2021,Chhattisgarh,5212126,4642296,569830
23/04/2021,Chhattisgarh,5272734,4686119,586615
24/04/2021,Chhattisgarh,5324210,4721290,602920
25/04/2021,Chhattisgarh,5362347,4746201,616146
26/04/2021,Chhattisgarh,5406298,4772454,633844
27/04/2021,Chhattisgarh,5438541,4791314,647227
28/04/2021,Chhattisgarh,5469617,4807697,661920
29/04/2021,Chhattisgarh,5507510,4823914,683596
30/04/2021,Chhattisgarh,5570909,4853003,717906
1/5/2021,Chhattisgarh,5620382,4876021,744361
2/5/2021,Chhattisgarh,5646987,4887659,759328
3/5/2021,Chhattisgarh,5684458,4902668,781790
4/5/2021,Chhattisgarh,5715512,4914311,801201
5/5/2021,Chhattisgarh,5746229,4925570,820659
6/5/2021,Chhattisgarh,5786848,4939907,846941
7/5/2021,Chhattisgarh,5815669,4950080,865589
8/5/2021,Chhattisgarh,5842656,4958357,884299
9/5/2021,Chhattisgarh,5857150,4963503,893647
10/5/2021,Chhattisgarh,5906806,4978422,928384
11/5/2021,Chhattisgarh,5956903,4993821,963082
12/5/2021,Chhattisgarh,5996204,5010466,985738
13/05/2021,Chhattisgarh,6046459,5028824,1017635
14/05/2021,Chhattisgarh,6095570,5044873,1050697
15/05/2021,Chhattisgarh,6138265,5058803,1079462
16/05/2021,Chhattisgarh,6142785,5062151,1080634
17/05/2021,Chhattisgarh,6149696,5067225,1082471
18/05/2021,Chhattisgarh,6155825,5072140,1083685
19/05/2021,Chhattisgarh,6162226,5077038,1085188
20/05/2021,Chhattisgarh,6169020,5081726,1087294
21/05/2021,Chhattisgarh,6175778,5086685,1089093
22/05/2021,Chhattisgarh,6183624,5092839,1090785
23/05/2021,Chhattisgarh,6188816,5097092,1091724
24/05/2021,Chhattisgarh,6195690,5102121,1093569
25/05/2021,Chhattisgarh,6201165,5105905,1095260
26/05/2021,Chhattisgarh,6207632,5110865,1096767
27/05/2021,Chhattisgarh,6211851,5113867,1097984
28/05/2021,Chhattisgarh,6221398,5121403,1099995
29/05/2021,Chhattisgarh,6229290,5127168,1102122
30/05/2021,Chhattisgarh,6233466,5130182,1103284
31/05/2021,Chhattisgarh,6240528,5134658,1105870
1/6/2021,Chhattisgarh,6252505,5139437,1113068
2/6/2021,Chhattisgarh,6260124,5143077,1117047
3/6/2021,Chhattisgarh,6267748,5146027,1121721
4/6/2021,Chhattisgarh,6274404,5148601,1125803
5/6/2021,Chhattisgarh,6282084,5151405,1130679
6/6/2021,Chhattisgarh,6285625,5152970,1132655
7/6/2021,Chhattisgarh,6290982,5155182,1135800
8/6/2021,Chhattisgarh,6296915,5157533,1139382
9/6/2021,Chhattisgarh,6304358,5160281,1144077
10/6/2021,Chhattisgarh,6311317,5162838,1148479
11/6/2021,Chhattisgarh,6318147,5165344,1152803
12/6/2021,Chhattisgarh,6325547,5168451,1157096
13/06/2021,Chhattisgarh,6330309,5170438,1159871
14/06/2021,Chhattisgarh,6337979,5173815,1164164
15/06/2021,Chhattisgarh,6344469,5176603,1167866
16/06/2021,Chhattisgarh,6350848,5179502,1171346
17/06/2021,Chhattisgarh,6357584,5182271,1175313
18/06/2021,Chhattisgarh,6365119,5185507,1179612
19/06/2021,Chhattisgarh,6375229,5189635,1185594
20/06/2021,Chhattisgarh,6380490,5192061,1188429
21/06/2021,Chhattisgarh,6480379,5278123,1202256
22/06/2021,Chhattisgarh,6605593,5386159,1219434
23/06/2021,Chhattisgarh,6783572,5541241,1242331
24/06/2021,Chhattisgarh,7020698,5739810,1280888
25/06/2021,Chhattisgarh,7245933,5918014,1327919
26/06/2021,Chhattisgarh,7602182,6211885,1390297
27/06/2021,Chhattisgarh,7821930,6380368,1441562
28/06/2021,Chhattisgarh,8104281,6602957,1501324
29/06/2021,Chhattisgarh,8313712,6766414,1547298
30/06/2021,Chhattisgarh,8453345,6879610,1573735
1/7/2021,Chhattisgarh,8588153,6996558,1591595
2/7/2021,Chhattisgarh,8680874,7076496,1604378
3/7/2021,Chhattisgarh,8823500,7167424,1656076
4/7/2021,Chhattisgarh,8904745,7217817,1686928
5/7/2021,Chhattisgarh,9001750,7279827,1721923
6/7/2021,Chhattisgarh,9044519,7307678,1736841
7/7/2021,Chhattisgarh,,,
8/7/2021,Chhattisgarh,,,
9/7/2021,Chhattisgarh,,,
10/7/2021,Chhattisgarh,,,
11/7/2021,Chhattisgarh,,,
12/7/2021,Chhattisgarh,,,
13/07/2021,Chhattisgarh,,,
14/07/2021,Chhattisgarh,,,
15/07/2021,Chhattisgarh,,,
16/01/2021,Dadra and Nagar Haveli and Daman and Diu,23,23,0
17/01/2021,Dadra and Nagar Haveli and Daman and Diu,23,23,0
18/01/2021,Dadra and Nagar Haveli and Daman and Diu,15,15,0
19/01/2021,Dadra and Nagar Haveli and Daman and Diu,31,31,0
20/01/2021,Dadra and Nagar Haveli and Daman and Diu,31,31,0
21/01/2021,Dadra and Nagar Haveli and Daman and Diu,78,78,0
22/01/2021,Dadra and Nagar Haveli and Daman and Diu,113,113,0
23/01/2021,Dadra and Nagar Haveli and Daman and Diu,280,280,0
24/01/2021,Dadra and Nagar Haveli and Daman and Diu,312,312,0
25/01/2021,Dadra and Nagar Haveli and Daman and Diu,362,362,0
26/01/2021,Dadra and Nagar Haveli and Daman and Diu,362,362,0
27/01/2021,Dadra and Nagar Haveli and Daman and Diu,404,404,0
28/01/2021,Dadra and Nagar Haveli and Daman and Diu,559,559,0
29/01/2021,Dadra and Nagar Haveli and Daman and Diu,706,706,0
30/01/2021,Dadra and Nagar Haveli and Daman and Diu,852,852,0
31/01/2021,Dadra and Nagar Haveli and Daman and Diu,856,856,0
1/2/2021,Dadra and Nagar Haveli and Daman and Diu,1038,1038,0
2/2/2021,Dadra and Nagar Haveli and Daman and Diu,1181,1181,0
3/2/2021,Dadra and Nagar Haveli and Daman and Diu,1421,1421,0
4/2/2021,Dadra and Nagar Haveli and Daman and Diu,1681,1681,0
5/2/2021,Dadra and Nagar Haveli and Daman and Diu,1931,1931,0
6/2/2021,Dadra and Nagar Haveli and Daman and Diu,2255,2255,0
7/2/2021,Dadra and Nagar Haveli and Daman and Diu,2255,2255,0
8/2/2021,Dadra and Nagar Haveli and Daman and Diu,2329,2329,0
9/2/2021,Dadra and Nagar Haveli and Daman and Diu,2567,2567,0
10/2/2021,Dadra and Nagar Haveli and Daman and Diu,3309,3309,0
11/2/2021,Dadra and Nagar Haveli and Daman and Diu,3672,3672,0
12/2/2021,Dadra and Nagar Haveli and Daman and Diu,3931,3931,0
13/02/2021,Dadra and Nagar Haveli and Daman and Diu,4131,4060,71
14/02/2021,Dadra and Nagar Haveli and Daman and Diu,4131,4060,71
15/02/2021,Dadra and Nagar Haveli and Daman and Diu,4425,4347,78
16/02/2021,Dadra and Nagar Haveli and Daman and Diu,4754,4590,164
17/02/2021,Dadra and Nagar Haveli and Daman and Diu,5483,5295,188
18/02/2021,Dadra and Nagar Haveli and Daman and Diu,5776,5569,207
19/02/2021,Dadra and Nagar Haveli and Daman and Diu,6504,6174,330
20/02/2021,Dadra and Nagar Haveli and Daman and Diu,6841,6376,465
21/02/2021,Dadra and Nagar Haveli and Daman and Diu,6841,6376,465
22/02/2021,Dadra and Nagar Haveli and Daman and Diu,7003,6488,515
23/02/2021,Dadra and Nagar Haveli and Daman and Diu,7061,6539,522
24/02/2021,Dadra and Nagar Haveli and Daman and Diu,7135,6609,526
25/02/2021,Dadra and Nagar Haveli and Daman and Diu,7675,7077,598
26/02/2021,Dadra and Nagar Haveli and Daman and Diu,7978,7304,674
27/02/2021,Dadra and Nagar Haveli and Daman and Diu,7978,7304,674
28/02/2021,Dadra and Nagar Haveli and Daman and Diu,7978,7304,674
1/3/2021,Dadra and Nagar Haveli and Daman and Diu,7978,7304,674
2/3/2021,Dadra and Nagar Haveli and Daman and Diu,9433,8469,964
3/3/2021,Dadra and Nagar Haveli and Daman and Diu,7675,7077,598
4/3/2021,Dadra and Nagar Haveli and Daman and Diu,7978,7304,674
5/3/2021,Dadra and Nagar Haveli and Daman and Diu,7978,7304,674
6/3/2021,Dadra and Nagar Haveli and Daman and Diu,13130,11246,1884
7/3/2021,Dadra and Nagar Haveli and Daman and Diu,13138,11254,1884
8/3/2021,Dadra and Nagar Haveli and Daman and Diu,13858,11841,2017
9/3/2021,Dadra and Nagar Haveli and Daman and Diu,12668,10402,2266
10/3/2021,Dadra and Nagar Haveli and Daman and Diu,13669,11023,2646
11/3/2021,Dadra and Nagar Haveli and Daman and Diu,13669,11023,2646
12/3/2021,Dadra and Nagar Haveli and Daman and Diu,14781,11749,3032
13/03/2021,Dadra and Nagar Haveli and Daman and Diu,15595,12345,3250
14/03/2021,Dadra and Nagar Haveli and Daman and Diu,15595,12345,3250
15/03/2021,Dadra and Nagar Haveli and Daman and Diu,16581,13044,3537
16/03/2021,Dadra and Nagar Haveli and Daman and Diu,19497,15828,3669
17/03/2021,Dadra and Nagar Haveli and Daman and Diu,21037,17143,3894
18/03/2021,Dadra and Nagar Haveli and Daman and Diu,21695,17573,4122
19/03/2021,Dadra and Nagar Haveli and Daman and Diu,22889,18481,4408
20/03/2021,Dadra and Nagar Haveli and Daman and Diu,23782,19170,4612
21/03/2021,Dadra and Nagar Haveli and Daman and Diu,23840,19218,4622
22/03/2021,Dadra and Nagar Haveli and Daman and Diu,24700,19992,4708
23/03/2021,Dadra and Nagar Haveli and Daman and Diu,26241,21322,4919
24/03/2021,Dadra and Nagar Haveli and Daman and Diu,26823,21779,5044
25/03/2021,Dadra and Nagar Haveli and Daman and Diu,27819,22593,5226
26/03/2021,Dadra and Nagar Haveli and Daman and Diu,28419,23111,5308
27/03/2021,Dadra and Nagar Haveli and Daman and Diu,28447,23138,5309
28/03/2021,Dadra and Nagar Haveli and Daman and Diu,28457,23148,5309
29/03/2021,Dadra and Nagar Haveli and Daman and Diu,29349,23794,5555
30/03/2021,Dadra and Nagar Haveli and Daman and Diu,30198,24471,5727
31/03/2021,Dadra and Nagar Haveli and Daman and Diu,32990,27071,5919
1/4/2021,Dadra and Nagar Haveli and Daman and Diu,37137,30937,6200
2/4/2021,Dadra and Nagar Haveli and Daman and Diu,40942,34424,6518
3/4/2021,Dadra and Nagar Haveli and Daman and Diu,44217,37495,6722
4/4/2021,Dadra and Nagar Haveli and Daman and Diu,48053,40921,7132
5/4/2021,Dadra and Nagar Haveli and Daman and Diu,50515,43184,7331
6/4/2021,Dadra and Nagar Haveli and Daman and Diu,56029,48313,7716
7/4/2021,Dadra and Nagar Haveli and Daman and Diu,60292,52156,8136
8/4/2021,Dadra and Nagar Haveli and Daman and Diu,64160,55718,8442
9/4/2021,Dadra and Nagar Haveli and Daman and Diu,67908,59130,8778
10/4/2021,Dadra and Nagar Haveli and Daman and Diu,70523,61498,9025
11/4/2021,Dadra and Nagar Haveli and Daman and Diu,74110,64703,9407
12/4/2021,Dadra and Nagar Haveli and Daman and Diu,76064,66367,9697
13/04/2021,Dadra and Nagar Haveli and Daman and Diu,77860,67859,10001
14/04/2021,Dadra and Nagar Haveli and Daman and Diu,79439,69063,10376
15/04/2021,Dadra and Nagar Haveli and Daman and Diu,81476,70628,10848
16/04/2021,Dadra and Nagar Haveli and Daman and Diu,83143,71964,11179
17/04/2021,Dadra and Nagar Haveli and Daman and Diu,83679,72365,11314
18/04/2021,Dadra and Nagar Haveli and Daman and Diu,84945,73240,11705
19/04/2021,Dadra and Nagar Haveli and Daman and Diu,86395,74293,12102
20/04/2021,Dadra and Nagar Haveli and Daman and Diu,87079,74768,12311
21/04/2021,Dadra and Nagar Haveli and Daman and Diu,88091,75414,12677
22/04/2021,Dadra and Nagar Haveli and Daman and Diu,89186,76124,13062
23/04/2021,Dadra and Nagar Haveli and Daman and Diu,90101,76716,13385
24/04/2021,Dadra and Nagar Haveli and Daman and Diu,90450,76905,13545
25/04/2021,Dadra and Nagar Haveli and Daman and Diu,91408,77374,14034
26/04/2021,Dadra and Nagar Haveli and Daman and Diu,92300,77814,14486
27/04/2021,Dadra and Nagar Haveli and Daman and Diu,93189,78216,14973
28/04/2021,Dadra and Nagar Haveli and Daman and Diu,94148,78680,15468
29/04/2021,Dadra and Nagar Haveli and Daman and Diu,94676,78893,15783
30/04/2021,Dadra and Nagar Haveli and Daman and Diu,94676,78893,15783
1/5/2021,Dadra and Nagar Haveli and Daman and Diu,96320,79753,16567
2/5/2021,Dadra and Nagar Haveli and Daman and Diu,96619,79890,16729
3/5/2021,Dadra and Nagar Haveli and Daman and Diu,97465,80227,17238
4/5/2021,Dadra and Nagar Haveli and Daman and Diu,98306,80554,17752
5/5/2021,Dadra and Nagar Haveli and Daman and Diu,99304,80984,18320
6/5/2021,Dadra and Nagar Haveli and Daman and Diu,100560,81425,19135
7/5/2021,Dadra and Nagar Haveli and Daman and Diu,102229,82133,20096
8/5/2021,Dadra and Nagar Haveli and Daman and Diu,103338,82566,20772
9/5/2021,Dadra and Nagar Haveli and Daman and Diu,103786,82726,21060
10/5/2021,Dadra and Nagar Haveli and Daman and Diu,104954,83125,21829
11/5/2021,Dadra and Nagar Haveli and Daman and Diu,105912,83422,22490
12/5/2021,Dadra and Nagar Haveli and Daman and Diu,106625,83791,22834
13/05/2021,Dadra and Nagar Haveli and Daman and Diu,109633,85968,23665
14/05/2021,Dadra and Nagar Haveli and Daman and Diu,113326,88556,24770
15/05/2021,Dadra and Nagar Haveli and Daman and Diu,117518,91647,25871
16/05/2021,Dadra and Nagar Haveli and Daman and Diu,120646,94759,25887
17/05/2021,Dadra and Nagar Haveli and Daman and Diu,123420,97527,25893
18/05/2021,Dadra and Nagar Haveli and Daman and Diu,123865,97967,25898
19/05/2021,Dadra and Nagar Haveli and Daman and Diu,126803,100902,25901
20/05/2021,Dadra and Nagar Haveli and Daman and Diu,133618,107711,25907
21/05/2021,Dadra and Nagar Haveli and Daman and Diu,140028,114121,25907
22/05/2021,Dadra and Nagar Haveli and Daman and Diu,146279,120370,25909
23/05/2021,Dadra and Nagar Haveli and Daman and Diu,150932,125022,25910
24/05/2021,Dadra and Nagar Haveli and Daman and Diu,156860,130945,25915
25/05/2021,Dadra and Nagar Haveli and Daman and Diu,162836,136916,25920
26/05/2021,Dadra and Nagar Haveli and Daman and Diu,168731,142805,25926
27/05/2021,Dadra and Nagar Haveli and Daman and Diu,174518,148574,25944
28/05/2021,Dadra and Nagar Haveli and Daman and Diu,180694,154743,25951
29/05/2021,Dadra and Nagar Haveli and Daman and Diu,186645,160687,25958
30/05/2021,Dadra and Nagar Haveli and Daman and Diu,189815,163856,25959
31/05/2021,Dadra and Nagar Haveli and Daman and Diu,196079,170105,25974
1/6/2021,Dadra and Nagar Haveli and Daman and Diu,202000,176010,25990
2/6/2021,Dadra and Nagar Haveli and Daman and Diu,207670,181665,26005
3/6/2021,Dadra and Nagar Haveli and Daman and Diu,211798,185784,26014
4/6/2021,Dadra and Nagar Haveli and Daman and Diu,215802,189765,26037
5/6/2021,Dadra and Nagar Haveli and Daman and Diu,223040,196978,26062
6/6/2021,Dadra and Nagar Haveli and Daman and Diu,223524,197457,26067
7/6/2021,Dadra and Nagar Haveli and Daman and Diu,229256,203171,26085
8/6/2021,Dadra and Nagar Haveli and Daman and Diu,235270,209124,26146
9/6/2021,Dadra and Nagar Haveli and Daman and Diu,240179,214014,26165
10/6/2021,Dadra and Nagar Haveli and Daman and Diu,245100,218904,26196
11/6/2021,Dadra and Nagar Haveli and Daman and Diu,254764,228473,26291
12/6/2021,Dadra and Nagar Haveli and Daman and Diu,266651,240306,26345
13/06/2021,Dadra and Nagar Haveli and Daman and Diu,266969,240620,26349
14/06/2021,Dadra and Nagar Haveli and Daman and Diu,272199,245784,26415
15/06/2021,Dadra and Nagar Haveli and Daman and Diu,278954,252456,26498
16/06/2021,Dadra and Nagar Haveli and Daman and Diu,284862,258254,26608
17/06/2021,Dadra and Nagar Haveli and Daman and Diu,290875,264197,26678
18/06/2021,Dadra and Nagar Haveli and Daman and Diu,297644,270889,26755
19/06/2021,Dadra and Nagar Haveli and Daman and Diu,308375,281451,26924
20/06/2021,Dadra and Nagar Haveli and Daman and Diu,0,,
21/06/2021,Dadra and Nagar Haveli and Daman and Diu,317267,290224,27043
22/06/2021,Dadra and Nagar Haveli and Daman and Diu,325006,297701,27305
23/06/2021,Dadra and Nagar Haveli and Daman and Diu,332131,304552,27579
24/06/2021,Dadra and Nagar Haveli and Daman and Diu,341048,312751,28297
25/06/2021,Dadra and Nagar Haveli and Daman and Diu,358072,328407,29665
26/06/2021,Dadra and Nagar Haveli and Daman and Diu,373369,341459,31910
27/06/2021,Dadra and Nagar Haveli and Daman and Diu,379687,346721,32966
28/06/2021,Dadra and Nagar Haveli and Daman and Diu,395486,359960,35526
29/06/2021,Dadra and Nagar Haveli and Daman and Diu,410791,372906,37885
30/06/2021,Dadra and Nagar Haveli and Daman and Diu,427328,387093,40235
1/7/2021,Dadra and Nagar Haveli and Daman and Diu,440380,397956,42424
2/7/2021,Dadra and Nagar Haveli and Daman and Diu,452556,407860,44696
3/7/2021,Dadra and Nagar Haveli and Daman and Diu,466349,418716,47633
4/7/2021,Dadra and Nagar Haveli and Daman and Diu,470444,422031,48413
5/7/2021,Dadra and Nagar Haveli and Daman and Diu,480984,430117,50867
6/7/2021,Dadra and Nagar Haveli and Daman and Diu,490259,437350,52909
7/7/2021,Dadra and Nagar Haveli and Daman and Diu,,,
8/7/2021,Dadra and Nagar Haveli and Daman and Diu,,,
9/7/2021,Dadra and Nagar Haveli and Daman and Diu,,,
10/7/2021,Dadra and Nagar Haveli and Daman and Diu,,,
11/7/2021,Dadra and Nagar Haveli and Daman and Diu,,,
12/7/2021,Dadra and Nagar Haveli and Daman and Diu,,,
13/07/2021,Dadra and Nagar Haveli and Daman and Diu,,,
14/07/2021,Dadra and Nagar Haveli and Daman and Diu,,,
15/07/2021,Dadra and Nagar Haveli and Daman and Diu,,,
16/01/2021,Delhi,892,892,0
17/01/2021,Delhi,1005,1005,0
18/01/2021,Delhi,1366,1366,0
19/01/2021,Delhi,3041,3041,0
20/01/2021,Delhi,3041,3041,0
21/01/2021,Delhi,5308,5308,0
22/01/2021,Delhi,5331,5331,0
23/01/2021,Delhi,12312,12312,0
24/01/2021,Delhi,12614,12614,0
25/01/2021,Delhi,20373,20373,0
26/01/2021,Delhi,20427,20427,0
27/01/2021,Delhi,27603,27603,0
28/01/2021,Delhi,35881,35881,0
29/01/2021,Delhi,35937,35937,0
30/01/2021,Delhi,44758,44758,0
31/01/2021,Delhi,44840,44840,0
1/2/2021,Delhi,52760,52760,0
2/2/2021,Delhi,62086,62086,0
3/2/2021,Delhi,69462,69462,0
4/2/2021,Delhi,78948,78948,0
5/2/2021,Delhi,88045,88045,0
6/2/2021,Delhi,97492,97492,0
7/2/2021,Delhi,97495,97495,0
8/2/2021,Delhi,107116,107116,0
9/2/2021,Delhi,119917,119917,0
10/2/2021,Delhi,134600,134600,0
11/2/2021,Delhi,150348,150348,0
12/2/2021,Delhi,164976,164976,0
13/02/2021,Delhi,180141,178174,1967
14/02/2021,Delhi,180143,178176,1967
15/02/2021,Delhi,197031,192891,4140
16/02/2021,Delhi,214273,207447,6826
17/02/2021,Delhi,231544,223511,8033
18/02/2021,Delhi,252843,241096,11747
19/02/2021,Delhi,283629,270025,13604
20/02/2021,Delhi,309410,291137,18273
21/02/2021,Delhi,309419,291146,18273
22/02/2021,Delhi,336544,312680,23864
23/02/2021,Delhi,356662,330559,26103
24/02/2021,Delhi,375038,344481,30557
25/02/2021,Delhi,393471,357350,36121
26/02/2021,Delhi,406431,367699,38732
27/02/2021,Delhi,406431,367699,38732
28/02/2021,Delhi,406431,367699,38732
1/3/2021,Delhi,406431,367699,38732
2/3/2021,Delhi,428377,383386,44991
3/3/2021,Delhi,443842,394019,49823
4/3/2021,Delhi,460312,405213,55099
5/3/2021,Delhi,475589,414969,60620
6/3/2021,Delhi,495154,426890,68264
7/3/2021,Delhi,495243,426957,68286
8/3/2021,Delhi,516188,440429,75759
9/3/2021,Delhi,480051,395281,84770
10/3/2021,Delhi,498624,405377,93247
11/3/2021,Delhi,516448,415349,101099
12/3/2021,Delhi,535790,425063,110727
13/03/2021,Delhi,560366,438850,121516
14/03/2021,Delhi,560392,438862,121530
15/03/2021,Delhi,585854,453718,132136
16/03/2021,Delhi,682847,539287,143560
17/03/2021,Delhi,884805,731870,152935
18/03/2021,Delhi,925610,758842,166768
19/03/2021,Delhi,954512,776830,177682
20/03/2021,Delhi,1002671,810104,192567
21/03/2021,Delhi,1004072,811261,192811
22/03/2021,Delhi,1046767,839942,206825
23/03/2021,Delhi,1090763,871370,219393
24/03/2021,Delhi,1115802,889115,226687
25/03/2021,Delhi,1158650,923806,234844
26/03/2021,Delhi,1180586,941076,239510
27/03/2021,Delhi,1222108,977993,244115
28/03/2021,Delhi,1222713,978569,244144
29/03/2021,Delhi,1222719,978572,244147
30/03/2021,Delhi,1265239,1013442,251797
31/03/2021,Delhi,1294057,1034327,259730
1/4/2021,Delhi,1355145,1087850,267295
2/4/2021,Delhi,1427069,1152888,274181
3/4/2021,Delhi,1493167,1211419,281748
4/4/2021,Delhi,1578252,1290748,287504
5/4/2021,Delhi,1649227,1352825,296402
6/4/2021,Delhi,1698781,1396046,302735
7/4/2021,Delhi,1784983,1469113,315870
8/4/2021,Delhi,1897519,1565572,331947
9/4/2021,Delhi,1956686,1613146,343540
10/4/2021,Delhi,2062691,1705350,357341
11/4/2021,Delhi,2145719,1780609,365110
12/4/2021,Delhi,2235902,1855493,380409
13/04/2021,Delhi,2304883,1912002,392881
14/04/2021,Delhi,2376987,1971274,405713
15/04/2021,Delhi,2454871,2031982,422889
16/04/2021,Delhi,2504071,2065695,438376
17/04/2021,Delhi,2572685,2121099,451586
18/04/2021,Delhi,2621277,2162307,458970
19/04/2021,Delhi,2682092,2202752,479340
20/04/2021,Delhi,2732507,2238271,494236
21/04/2021,Delhi,2787116,2277803,509313
22/04/2021,Delhi,2855657,2325997,529660
23/04/2021,Delhi,2891857,2347381,544476
24/04/2021,Delhi,2962231,2395935,566296
25/04/2021,Delhi,3003477,2425352,578125
26/04/2021,Delhi,3061567,2461970,599597
27/04/2021,Delhi,3114832,2495676,619156
28/04/2021,Delhi,3147893,2512508,635385
29/04/2021,Delhi,3224828,2558135,666693
30/04/2021,Delhi,3271950,2581651,690299
1/5/2021,Delhi,3323249,2611942,711307
2/5/2021,Delhi,3324902,2613227,711675
3/5/2021,Delhi,3415728,2676373,739355
4/5/2021,Delhi,3507635,2742953,764682
5/5/2021,Delhi,3576091,2800013,776078
6/5/2021,Delhi,3693814,2883317,810497
7/5/2021,Delhi,3774068,2951479,822589
8/5/2021,Delhi,3905912,3044458,861454
9/5/2021,Delhi,3907469,3045394,862075
10/5/2021,Delhi,4051457,3142198,909259
11/5/2021,Delhi,4183896,3229399,954497
12/5/2021,Delhi,4259338,3292311,967027
13/05/2021,Delhi,4385905,3378261,1007644
14/05/2021,Delhi,4390592,3381649,1008943
15/05/2021,Delhi,4511407,3464560,1046847
16/05/2021,Delhi,4603220,3544850,1058370
17/05/2021,Delhi,4717683,3639716,1077967
18/05/2021,Delhi,4824666,3729586,1095080
19/05/2021,Delhi,4893993,3791772,1102221
20/05/2021,Delhi,4972927,3849484,1123443
21/05/2021,Delhi,5023829,3891569,1132260
22/05/2021,Delhi,5089359,3937525,1151834
23/05/2021,Delhi,5094051,3941970,1152081
24/05/2021,Delhi,5149101,3982667,1166434
25/05/2021,Delhi,5193420,4016461,1176959
26/05/2021,Delhi,5227641,4047233,1180408
27/05/2021,Delhi,5267046,4081178,1185868
28/05/2021,Delhi,5298144,4109416,1188728
29/05/2021,Delhi,5352466,4148595,1203871
30/05/2021,Delhi,5362104,4157813,1204291
31/05/2021,Delhi,5419341,4194986,1224355
1/6/2021,Delhi,5469628,4228359,1241269
2/6/2021,Delhi,5506534,4257176,1249358
3/6/2021,Delhi,5559386,4294738,1264648
4/6/2021,Delhi,5599054,4329324,1269730
5/6/2021,Delhi,5656091,4371075,1285016
6/6/2021,Delhi,5671497,4385618,1285879
7/6/2021,Delhi,5737887,4419597,1318290
8/6/2021,Delhi,5786229,4445352,1340877
9/6/2021,Delhi,5834482,4471099,1363383
10/6/2021,Delhi,5916278,4521905,1394373
11/6/2021,Delhi,5995748,4583464,1412284
12/6/2021,Delhi,6079589,4638935,1440654
13/06/2021,Delhi,6094030,4650867,1443163
14/06/2021,Delhi,6154661,4690576,1464085
15/06/2021,Delhi,6208289,4719321,1488968
16/06/2021,Delhi,6263721,4756248,1507473
17/06/2021,Delhi,6355530,4818228,1537302
18/06/2021,Delhi,6434195,4881510,1552685
19/06/2021,Delhi,6522118,4943731,1578387
20/06/2021,Delhi,6533793,4953785,1580008
21/06/2021,Delhi,6611234,5013438,1597796
22/06/2021,Delhi,6697233,5080592,1616641
23/06/2021,Delhi,6807716,5179708,1628008
24/06/2021,Delhi,6966205,5318124,1648081
25/06/2021,Delhi,7121582,5456691,1664891
26/06/2021,Delhi,7329652,5629446,1700206
27/06/2021,Delhi,7339238,5636415,1702823
28/06/2021,Delhi,7543922,5801102,1742820
29/06/2021,Delhi,7747246,5967019,1780227
30/06/2021,Delhi,7893534,6088879,1804655
1/7/2021,Delhi,8051352,6214708,1836644
2/7/2021,Delhi,8212088,6345189,1866899
3/7/2021,Delhi,8373332,6466496,1906836
4/7/2021,Delhi,8382839,6472151,1910688
5/7/2021,Delhi,8463689,6523882,1939807
6/7/2021,Delhi,8498379,6543046,1955333
7/7/2021,Delhi,,,
8/7/2021,Delhi,,,
9/7/2021,Delhi,,,
10/7/2021,Delhi,,,
11/7/2021,Delhi,,,
12/7/2021,Delhi,,,
13/07/2021,Delhi,,,
14/07/2021,Delhi,,,
15/07/2021,Delhi,,,
16/01/2021,Goa,50,50,0
17/01/2021,Goa,50,50,0
18/01/2021,Goa,47,47,0
19/01/2021,Goa,72,72,0
20/01/2021,Goa,72,72,0
21/01/2021,Goa,72,72,0
22/01/2021,Goa,300,300,0
23/01/2021,Goa,971,971,0
24/01/2021,Goa,1033,1033,0
25/01/2021,Goa,1285,1285,0
26/01/2021,Goa,1290,1290,0
27/01/2021,Goa,1844,1844,0
28/01/2021,Goa,2394,2394,0
29/01/2021,Goa,2752,2752,0
30/01/2021,Goa,3464,3464,0
31/01/2021,Goa,3466,3466,0
1/2/2021,Goa,3860,3860,0
2/2/2021,Goa,4720,4720,0
3/2/2021,Goa,5582,5582,0
4/2/2021,Goa,6532,6532,0
5/2/2021,Goa,7195,7195,0
6/2/2021,Goa,7460,7460,0
7/2/2021,Goa,7462,7462,0
8/2/2021,Goa,7800,7800,0
9/2/2021,Goa,8607,8607,0
10/2/2021,Goa,9656,9656,0
11/2/2021,Goa,11086,11086,0
12/2/2021,Goa,12743,12743,0
13/02/2021,Goa,13586,13277,309
14/02/2021,Goa,13586,13277,309
15/02/2021,Goa,14279,13942,337
16/02/2021,Goa,14463,14123,340
17/02/2021,Goa,15040,14700,340
18/02/2021,Goa,14303,13960,343
19/02/2021,Goa,16002,15417,585
20/02/2021,Goa,17395,16122,1273
21/02/2021,Goa,17395,16122,1273
22/02/2021,Goa,18143,16651,1492
23/02/2021,Goa,18419,16916,1503
24/02/2021,Goa,19851,17881,1970
25/02/2021,Goa,21121,18693,2428
26/02/2021,Goa,22620,19870,2750
27/02/2021,Goa,22620,19870,2750
28/02/2021,Goa,22620,19870,2750
1/3/2021,Goa,22620,19870,2750
2/3/2021,Goa,27005,23398,3607
3/3/2021,Goa,31430,26860,4570
4/3/2021,Goa,36170,30673,5497
5/3/2021,Goa,40430,34005,6425
6/3/2021,Goa,43800,36894,6906
7/3/2021,Goa,43808,36902,6906
8/3/2021,Goa,47499,40153,7346
9/3/2021,Goa,43940,36027,7913
10/3/2021,Goa,47253,38493,8760
11/3/2021,Goa,50241,40416,9825
12/3/2021,Goa,55587,44305,11282
13/03/2021,Goa,59312,47645,11667
14/03/2021,Goa,59323,47655,11668
15/03/2021,Goa,64652,52403,12249
16/03/2021,Goa,78377,65739,12638
17/03/2021,Goa,85431,72357,13074
18/03/2021,Goa,88064,74794,13270
19/03/2021,Goa,91419,77616,13803
20/03/2021,Goa,94735,80447,14288
21/03/2021,Goa,94819,80522,14297
22/03/2021,Goa,98125,83315,14810
23/03/2021,Goa,101464,86286,15178
24/03/2021,Goa,104768,88974,15794
25/03/2021,Goa,107821,91525,16296
26/03/2021,Goa,111081,94110,16971
27/03/2021,Goa,113726,96611,17115
28/03/2021,Goa,113726,96611,17115
29/03/2021,Goa,114575,97343,17232
30/03/2021,Goa,118688,100317,18371
31/03/2021,Goa,121981,102595,19386
1/4/2021,Goa,125601,105426,20175
2/4/2021,Goa,129693,108867,20826
3/4/2021,Goa,133134,111519,21615
4/4/2021,Goa,135851,113879,21972
5/4/2021,Goa,139746,116633,23113
6/4/2021,Goa,142463,118691,23772
7/4/2021,Goa,149580,123996,25584
8/4/2021,Goa,155376,128428,26948
9/4/2021,Goa,162057,133268,28789
10/4/2021,Goa,171070,140385,30685
11/4/2021,Goa,178329,147178,31151
12/4/2021,Goa,188080,154523,33557
13/04/2021,Goa,192563,158206,34357
14/04/2021,Goa,203125,167443,35682
15/04/2021,Goa,213122,173909,39213
16/04/2021,Goa,224966,182574,42392
17/04/2021,Goa,237156,191878,45278
18/04/2021,Goa,244577,198368,46209
19/04/2021,Goa,253784,204861,48923
20/04/2021,Goa,264363,212256,52107
21/04/2021,Goa,272843,218280,54563
22/04/2021,Goa,281424,224561,56863
23/04/2021,Goa,289688,230437,59251
24/04/2021,Goa,299120,237544,61576
25/04/2021,Goa,304009,241453,62556
26/04/2021,Goa,313009,248280,64729
27/04/2021,Goa,323213,256196,67017
28/04/2021,Goa,331720,262802,68918
29/04/2021,Goa,340659,269749,70910
30/04/2021,Goa,349718,277125,72593
1/5/2021,Goa,355269,282005,73264
2/5/2021,Goa,358280,284560,73720
3/5/2021,Goa,363592,288805,74787
4/5/2021,Goa,368857,292908,75949
5/5/2021,Goa,373997,296579,77418
6/5/2021,Goa,379927,300663,79264
7/5/2021,Goa,386450,305206,81244
8/5/2021,Goa,392342,309334,83008
9/5/2021,Goa,394413,310955,83458
10/5/2021,Goa,399718,314583,85135
11/5/2021,Goa,405500,318352,87148
12/5/2021,Goa,411191,322251,88940
13/05/2021,Goa,418484,327646,90838
14/05/2021,Goa,425521,332990,92531
15/05/2021,Goa,436458,342243,94215
16/05/2021,Goa,438881,344615,94266
17/05/2021,Goa,444923,350557,94366
18/05/2021,Goa,451943,357502,94441
19/05/2021,Goa,459632,365111,94521
20/05/2021,Goa,466522,371961,94561
21/05/2021,Goa,475384,380740,94644
22/05/2021,Goa,483931,389263,94668
23/05/2021,Goa,485579,390887,94692
24/05/2021,Goa,491326,396608,94718
25/05/2021,Goa,497180,402427,94753
26/05/2021,Goa,503101,408309,94792
27/05/2021,Goa,508928,414098,94830
28/05/2021,Goa,514992,420107,94885
29/05/2021,Goa,521480,426519,94961
30/05/2021,Goa,524372,429393,94979
31/05/2021,Goa,528955,433855,95100
1/6/2021,Goa,533504,438285,95219
2/6/2021,Goa,537792,442390,95402
3/6/2021,Goa,543715,448111,95604
4/6/2021,Goa,551988,456053,95935
5/6/2021,Goa,563779,467529,96250
6/6/2021,Goa,570434,474147,96287
7/6/2021,Goa,581671,485171,96500
8/6/2021,Goa,592178,495452,96726
9/6/2021,Goa,600833,503890,96943
10/6/2021,Goa,608564,511379,97185
11/6/2021,Goa,614418,516897,97521
12/6/2021,Goa,621644,523796,97848
13/06/2021,Goa,638918,541029,97889
14/06/2021,Goa,658193,559670,98523
15/06/2021,Goa,676789,577925,98864
16/06/2021,Goa,691969,592719,99250
17/06/2021,Goa,708794,609077,99717
18/06/2021,Goa,726686,626378,100308
19/06/2021,Goa,747361,646436,100925
20/06/2021,Goa,760206,659181,101025
21/06/2021,Goa,776098,674546,101552
22/06/2021,Goa,791272,688792,102480
23/06/2021,Goa,805001,701689,103312
24/06/2021,Goa,818202,713714,104488
25/06/2021,Goa,833836,728178,105658
26/06/2021,Goa,856142,748351,107791
27/06/2021,Goa,871472,762729,108743
28/06/2021,Goa,892220,781063,111157
29/06/2021,Goa,914013,800268,113745
30/06/2021,Goa,934022,817485,116537
1/7/2021,Goa,946993,827800,119193
2/7/2021,Goa,960730,837780,122950
3/7/2021,Goa,980683,852875,127808
4/7/2021,Goa,990480,859902,130578
5/7/2021,Goa,1006988,870453,136535
6/7/2021,Goa,1021435,880174,141261
7/7/2021,Goa,,,
8/7/2021,Goa,,,
9/7/2021,Goa,,,
10/7/2021,Goa,,,
11/7/2021,Goa,,,
12/7/2021,Goa,,,
13/07/2021,Goa,,,
14/07/2021,Goa,,,
15/07/2021,Goa,,,
16/01/2021,Gujarat,1146,1146,0
17/01/2021,Gujarat,2313,2313,0
18/01/2021,Gujarat,2182,2182,0
19/01/2021,Gujarat,4842,4842,0
20/01/2021,Gujarat,4877,4877,0
21/01/2021,Gujarat,8350,8350,0
22/01/2021,Gujarat,13183,13183,0
23/01/2021,Gujarat,44873,44873,0
24/01/2021,Gujarat,46456,46456,0
25/01/2021,Gujarat,62496,62496,0
26/01/2021,Gujarat,62729,62729,0
27/01/2021,Gujarat,68817,68817,0
28/01/2021,Gujarat,132621,132621,0
29/01/2021,Gujarat,187038,187038,0
30/01/2021,Gujarat,211551,211551,0
31/01/2021,Gujarat,251207,251207,0
1/2/2021,Gujarat,284170,284170,0
2/2/2021,Gujarat,306639,306639,0
3/2/2021,Gujarat,326450,326450,0
4/2/2021,Gujarat,360502,360502,0
5/2/2021,Gujarat,404841,404841,0
6/2/2021,Gujarat,448811,448811,0
7/2/2021,Gujarat,468838,468838,0
8/2/2021,Gujarat,537364,537364,0
9/2/2021,Gujarat,617709,617709,0
10/2/2021,Gujarat,683599,683599,0
11/2/2021,Gujarat,726174,726174,0
12/2/2021,Gujarat,749435,749435,0
13/02/2021,Gujarat,759801,759799,2
14/02/2021,Gujarat,761555,761549,6
15/02/2021,Gujarat,783293,774751,8542
16/02/2021,Gujarat,799296,784610,14686
17/02/2021,Gujarat,806425,789722,16703
18/02/2021,Gujarat,799523,773109,26414
19/02/2021,Gujarat,843816,807835,35981
20/02/2021,Gujarat,869257,810715,58542
21/02/2021,Gujarat,870310,810973,59337
22/02/2021,Gujarat,884999,812914,72085
23/02/2021,Gujarat,892463,815413,77050
24/02/2021,Gujarat,896424,817727,78697
25/02/2021,Gujarat,943860,819845,124015
26/02/2021,Gujarat,989315,821729,167586
27/02/2021,Gujarat,989319,821733,167586
28/02/2021,Gujarat,989369,821783,167586
1/3/2021,Gujarat,989369,821783,167586
2/3/2021,Gujarat,1153267,956419,196848
3/3/2021,Gujarat,1234893,1015619,219274
4/3/2021,Gujarat,1397814,1143571,254243
5/3/2021,Gujarat,1580465,1284380,296085
6/3/2021,Gujarat,1745473,1414609,330864
7/3/2021,Gujarat,1749600,1417812,331788
8/3/2021,Gujarat,1919226,1551898,367328
9/3/2021,Gujarat,1719245,1307844,411401
10/3/2021,Gujarat,1766662,1332660,434002
11/3/2021,Gujarat,1776940,1341652,435288
12/3/2021,Gujarat,1947430,1462283,485147
13/03/2021,Gujarat,2073148,1559499,513649
14/03/2021,Gujarat,2083779,1568700,515079
15/03/2021,Gujarat,2231425,1691481,539944
16/03/2021,Gujarat,2772614,2208185,564429
17/03/2021,Gujarat,2923717,2349458,574259
18/03/2021,Gujarat,3112038,2521859,590179
19/03/2021,Gujarat,3309060,2705730,603330
20/03/2021,Gujarat,3546628,2933180,613448
21/03/2021,Gujarat,3756195,3140047,616148
22/03/2021,Gujarat,3931630,3308984,622646
23/03/2021,Gujarat,4201102,3571094,630008
24/03/2021,Gujarat,4381443,3746626,634817
25/03/2021,Gujarat,4618906,3979710,639196
26/03/2021,Gujarat,4861329,4217590,643739
27/03/2021,Gujarat,5116383,4469272,647111
28/03/2021,Gujarat,5207119,4559341,647778
29/03/2021,Gujarat,5225227,4576803,648424
30/03/2021,Gujarat,5438943,4769080,669863
31/03/2021,Gujarat,5655568,4961044,694524
1/4/2021,Gujarat,5937684,5220204,717480
2/4/2021,Gujarat,6454155,5696407,757748
3/4/2021,Gujarat,6838585,6049037,789548
4/4/2021,Gujarat,7313218,6481838,831380
5/4/2021,Gujarat,7584968,6722336,862632
6/4/2021,Gujarat,7787907,6904732,883175
7/4/2021,Gujarat,8108812,7190429,918383
8/4/2021,Gujarat,8473351,7499654,973697
9/4/2021,Gujarat,8772856,7748080,1024776
10/4/2021,Gujarat,9055878,7982633,1073245
11/4/2021,Gujarat,9258859,8155231,1103628
12/4/2021,Gujarat,9497513,8342548,1154965
13/04/2021,Gujarat,9703358,8501205,1202153
14/04/2021,Gujarat,9866787,8622576,1244211
15/04/2021,Gujarat,10026689,8728318,1298371
16/04/2021,Gujarat,10165300,8814264,1351036
17/04/2021,Gujarat,10336808,8921355,1415453
18/04/2021,Gujarat,10450564,8991639,1458925
19/04/2021,Gujarat,10620128,9083040,1537088
20/04/2021,Gujarat,10806479,9181042,1625437
21/04/2021,Gujarat,10937835,9250895,1686940
22/04/2021,Gujarat,11098076,9328416,1769660
23/04/2021,Gujarat,11266124,9412213,1853911
24/04/2021,Gujarat,11436249,9495699,1940550
25/04/2021,Gujarat,11537861,9549793,1988068
26/04/2021,Gujarat,11720832,9634190,2086642
27/04/2021,Gujarat,11901253,9718868,2182385
28/04/2021,Gujarat,12053881,9787160,2266721
29/04/2021,Gujarat,12251389,9873924,2377465
30/04/2021,Gujarat,12457754,9965407,2492347
1/5/2021,Gujarat,12679389,10092582,2586807
2/5/2021,Gujarat,12803024,10161231,2641793
3/5/2021,Gujarat,12966110,10243032,2723078
4/5/2021,Gujarat,13094157,10330960,2763197
5/5/2021,Gujarat,13267196,10417828,2849368
6/5/2021,Gujarat,13473812,10505574,2968238
7/5/2021,Gujarat,13680484,10593635,3086849
8/5/2021,Gujarat,13881007,10676626,3204381
9/5/2021,Gujarat,14036695,10741045,3295650
10/5/2021,Gujarat,14301060,10840347,3460713
11/5/2021,Gujarat,14610441,10952235,3658206
12/5/2021,Gujarat,14767554,11041502,3726052
13/05/2021,Gujarat,14975803,11145747,3830056
14/05/2021,Gujarat,15019896,11180770,3839126
15/05/2021,Gujarat,15055582,11213044,3842538
16/05/2021,Gujarat,15085762,11243101,3842661
17/05/2021,Gujarat,15086042,11243305,3842737
18/05/2021,Gujarat,15086347,11243561,3842786
19/05/2021,Gujarat,15087757,11244920,3842837
20/05/2021,Gujarat,15178758,11322050,3856708
21/05/2021,Gujarat,15283427,11411002,3872425
22/05/2021,Gujarat,15409606,11511484,3898122
23/05/2021,Gujarat,15516777,11596730,3920047
24/05/2021,Gujarat,15704013,11761248,3942765
25/05/2021,Gujarat,15900264,11931536,3968728
26/05/2021,Gujarat,16089270,12096866,3992404
27/05/2021,Gujarat,16288328,12267948,4020380
28/05/2021,Gujarat,16506745,12450336,4056409
29/05/2021,Gujarat,16724256,12634113,4090143
30/05/2021,Gujarat,16910245,12795634,4114611
31/05/2021,Gujarat,17110619,12965663,4144956
1/6/2021,Gujarat,17309564,13131370,4178194
2/6/2021,Gujarat,17486132,13283712,4202420
3/6/2021,Gujarat,17665975,13433285,4232690
4/6/2021,Gujarat,17936071,13674583,4261488
5/6/2021,Gujarat,18201215,13915183,4286032
6/6/2021,Gujarat,18427691,14128072,4299619
7/6/2021,Gujarat,18686516,14359541,4326975
8/6/2021,Gujarat,18949901,14587473,4362428
9/6/2021,Gujarat,19203211,14801548,4401663
10/6/2021,Gujarat,19478852,15022634,4456218
11/6/2021,Gujarat,19769106,15262470,4506636
12/6/2021,Gujarat,20068185,15522137,4546048
13/06/2021,Gujarat,20303072,15729860,4573212
14/06/2021,Gujarat,20587151,15979244,4607907
15/06/2021,Gujarat,20855692,16214004,4641688
16/06/2021,Gujarat,21112010,16440786,4671224
17/06/2021,Gujarat,21334287,16632294,4701993
18/06/2021,Gujarat,21596263,16854511,4741752
19/06/2021,Gujarat,21903561,17116300,4787261
20/06/2021,Gujarat,22099535,17278756,4820779
21/06/2021,Gujarat,22619651,17730463,4889188
22/06/2021,Gujarat,23067276,18105136,4962140
23/06/2021,Gujarat,23513610,18475269,5038341
24/06/2021,Gujarat,23968923,18826982,5141941
25/06/2021,Gujarat,24271144,19053252,5217892
26/06/2021,Gujarat,24657300,19330981,5326319
27/06/2021,Gujarat,24887523,19500271,5387252
28/06/2021,Gujarat,25141162,19683467,5457695
29/06/2021,Gujarat,25408616,19872911,5535705
30/06/2021,Gujarat,25692042,20070872,5621170
1/7/2021,Gujarat,25973769,20266271,5707498
2/7/2021,Gujarat,26219791,20427199,5792592
3/7/2021,Gujarat,26552791,20653026,5899765
4/7/2021,Gujarat,26815799,20835546,5980253
5/7/2021,Gujarat,27118289,21037286,6081003
6/7/2021,Gujarat,27331752,21181190,6150562
7/7/2021,Gujarat,,,
8/7/2021,Gujarat,,,
9/7/2021,Gujarat,,,
10/7/2021,Gujarat,,,
11/7/2021,Gujarat,,,
12/7/2021,Gujarat,,,
13/07/2021,Gujarat,,,
14/07/2021,Gujarat,,,
15/07/2021,Gujarat,,,
16/01/2021,Haryana,1864,1864,0
17/01/2021,Haryana,2069,2069,0
18/01/2021,Haryana,5360,5360,0
19/01/2021,Haryana,11728,11728,0
20/01/2021,Haryana,12354,12354,0
21/01/2021,Haryana,21411,21411,0
22/01/2021,Haryana,33730,33730,0
23/01/2021,Haryana,43350,43350,0
24/01/2021,Haryana,44934,44934,0
25/01/2021,Haryana,72277,72277,0
26/01/2021,Haryana,72583,72583,0
27/01/2021,Haryana,80541,80541,0
28/01/2021,Haryana,87153,87153,0
29/01/2021,Haryana,92685,92685,0
30/01/2021,Haryana,95143,95143,0
31/01/2021,Haryana,95245,95245,0
1/2/2021,Haryana,96304,96304,0
2/2/2021,Haryana,97213,97213,0
3/2/2021,Haryana,99192,99192,0
4/2/2021,Haryana,103334,103334,0
5/2/2021,Haryana,107280,107280,0
6/2/2021,Haryana,108966,108966,0
7/2/2021,Haryana,110591,110591,0
8/2/2021,Haryana,140415,140415,0
9/2/2021,Haryana,157055,157055,0
10/2/2021,Haryana,164151,164151,0
11/2/2021,Haryana,171926,171926,0
12/2/2021,Haryana,176310,176310,0
13/02/2021,Haryana,178657,178067,590
14/02/2021,Haryana,178664,178074,590
15/02/2021,Haryana,188482,185578,2904
16/02/2021,Haryana,190197,186539,3658
17/02/2021,Haryana,195563,189505,6058
18/02/2021,Haryana,206032,193238,12794
19/02/2021,Haryana,218170,201383,16787
20/02/2021,Haryana,223857,204604,19253
21/02/2021,Haryana,224225,204756,19469
22/02/2021,Haryana,244791,209690,35101
23/02/2021,Haryana,257756,212356,45400
24/02/2021,Haryana,260336,213246,47090
25/02/2021,Haryana,275940,217574,58366
26/02/2021,Haryana,280173,218507,61666
27/02/2021,Haryana,280175,218509,61666
28/02/2021,Haryana,280181,218515,61666
1/3/2021,Haryana,280181,218515,61666
2/3/2021,Haryana,290716,225787,64929
3/3/2021,Haryana,295902,229802,66100
4/3/2021,Haryana,311564,241858,69706
5/3/2021,Haryana,327198,254547,72651
6/3/2021,Haryana,336481,262058,74423
7/3/2021,Haryana,337525,263037,74488
8/3/2021,Haryana,365090,285193,79897
9/3/2021,Haryana,319081,230790,88291
10/3/2021,Haryana,331094,239333,91761
11/3/2021,Haryana,339893,246074,93819
12/3/2021,Haryana,376401,275854,100547
13/03/2021,Haryana,392137,289284,102853
14/03/2021,Haryana,395967,292773,103194
15/03/2021,Haryana,515583,403081,112502
16/03/2021,Haryana,678896,561120,117776
17/03/2021,Haryana,748352,627943,120409
18/03/2021,Haryana,818792,694688,124104
19/03/2021,Haryana,883097,755578,127519
20/03/2021,Haryana,908710,779704,129006
21/03/2021,Haryana,915108,785932,129176
22/03/2021,Haryana,1064213,930026,134187
23/03/2021,Haryana,1152753,1016305,136448
24/03/2021,Haryana,1172883,1035137,137746
25/03/2021,Haryana,1227860,1087408,140452
26/03/2021,Haryana,1279258,1136611,142647
27/03/2021,Haryana,1302499,1158970,143529
28/03/2021,Haryana,1305966,1162379,143587
29/03/2021,Haryana,1306530,1162932,143598
30/03/2021,Haryana,1425730,1278501,147229
31/03/2021,Haryana,1516855,1366981,149874
1/4/2021,Haryana,1594582,1441284,153298
2/4/2021,Haryana,1702590,1545216,157374
3/4/2021,Haryana,1753953,1594393,159560
4/4/2021,Haryana,1800611,1639535,161076
5/4/2021,Haryana,1882164,1717234,164930
6/4/2021,Haryana,1942196,1774869,167327
7/4/2021,Haryana,2028171,1855846,172325
8/4/2021,Haryana,2118410,1939723,178687
9/4/2021,Haryana,2212252,2024825,187427
10/4/2021,Haryana,2283262,2088650,194612
11/4/2021,Haryana,2382114,2181488,200626
12/4/2021,Haryana,2525834,2307539,218295
13/04/2021,Haryana,2657270,2421185,236085
14/04/2021,Haryana,2804984,2544240,260744
15/04/2021,Haryana,2873554,2596134,277420
16/04/2021,Haryana,2957111,2657655,299456
17/04/2021,Haryana,3022626,2706244,316382
18/04/2021,Haryana,3065865,2740333,325532
19/04/2021,Haryana,3162209,2804924,357285
20/04/2021,Haryana,3241332,2858633,382699
21/04/2021,Haryana,3287414,2890194,397220
22/04/2021,Haryana,3344006,2928139,415867
23/04/2021,Haryana,3429738,2983811,445927
24/04/2021,Haryana,3502761,3032220,470541
25/04/2021,Haryana,3539875,3059704,480171
26/04/2021,Haryana,3595069,3096107,498962
27/04/2021,Haryana,3634905,3122680,512225
28/04/2021,Haryana,3675837,3147907,527930
29/04/2021,Haryana,3723444,3177552,545892
30/04/2021,Haryana,3758377,3199035,559342
1/5/2021,Haryana,3776747,3211614,565133
2/5/2021,Haryana,3796956,3230331,566625
3/5/2021,Haryana,3855063,3279593,575470
4/5/2021,Haryana,3926299,3335067,591232
5/5/2021,Haryana,3987098,3374963,612135
6/5/2021,Haryana,4094206,3447474,646732
7/5/2021,Haryana,4204923,3518724,686199
8/5/2021,Haryana,4288127,3573590,714537
9/5/2021,Haryana,4344758,3612642,732116
10/5/2021,Haryana,4475905,3692472,783433
11/5/2021,Haryana,4590300,3764214,826086
12/5/2021,Haryana,4663197,3817367,845830
13/05/2021,Haryana,4765647,3886385,879262
14/05/2021,Haryana,4833697,3931468,902229
15/05/2021,Haryana,4893748,3977395,916353
16/05/2021,Haryana,4937347,4019157,918190
17/05/2021,Haryana,5000446,4079084,921362
18/05/2021,Haryana,5065275,4140970,924305
19/05/2021,Haryana,5118705,4191994,926711
20/05/2021,Haryana,5198818,4267171,931647
21/05/2021,Haryana,5285927,4347426,938501
22/05/2021,Haryana,5357671,4411857,945814
23/05/2021,Haryana,5391895,4440936,950959
24/05/2021,Haryana,5488324,4532709,955615
25/05/2021,Haryana,5559015,4597932,961083
26/05/2021,Haryana,5611913,4646721,965192
27/05/2021,Haryana,5687063,4713609,973454
28/05/2021,Haryana,5750543,4770088,980455
29/05/2021,Haryana,5804788,4816451,988337
30/05/2021,Haryana,5832328,4841864,990464
31/05/2021,Haryana,5889201,4893257,995944
1/6/2021,Haryana,5956635,4955133,1001502
2/6/2021,Haryana,6029937,5025000,1004937
3/6/2021,Haryana,6104370,5094715,1009655
4/6/2021,Haryana,6166025,5151851,1014174
5/6/2021,Haryana,6224238,5205904,1018334
6/6/2021,Haryana,6246721,5226504,1020217
7/6/2021,Haryana,6302108,5276368,1025740
8/6/2021,Haryana,6350659,5319508,1031151
9/6/2021,Haryana,6433899,5398348,1035551
10/6/2021,Haryana,6559087,5514458,1044629
11/6/2021,Haryana,6664080,5608575,1055505
12/6/2021,Haryana,6749944,5686944,1063000
13/06/2021,Haryana,6784770,5718756,1066014
14/06/2021,Haryana,6875456,5797875,1077581
15/06/2021,Haryana,6952038,5862113,1089925
16/06/2021,Haryana,7020156,5919214,1100942
17/06/2021,Haryana,7150855,6031899,1118956
18/06/2021,Haryana,7247474,6113489,1133985
19/06/2021,Haryana,7327041,6180911,1146130
20/06/2021,Haryana,7367943,6216032,1151911
21/06/2021,Haryana,7879825,6690650,1189175
22/06/2021,Haryana,8011052,6800712,1210340
23/06/2021,Haryana,8088643,6863194,1225449
24/06/2021,Haryana,8168749,6928225,1240524
25/06/2021,Haryana,8314915,7043353,1271562
26/06/2021,Haryana,8430740,7132701,1298039
27/06/2021,Haryana,8473361,7166083,1307278
28/06/2021,Haryana,8616321,7268600,1347721
29/06/2021,Haryana,8754231,7365625,1388606
30/06/2021,Haryana,8856678,7433613,1423065
1/7/2021,Haryana,9052429,7584644,1467785
2/7/2021,Haryana,9220204,7705597,1514607
3/7/2021,Haryana,9360295,7805669,1554626
4/7/2021,Haryana,9409759,7840063,1569696
5/7/2021,Haryana,9515937,7907719,1608218
6/7/2021,Haryana,9581886,7948436,1633450
7/7/2021,Haryana,,,
8/7/2021,Haryana,,,
9/7/2021,Haryana,,,
10/7/2021,Haryana,,,
11/7/2021,Haryana,,,
12/7/2021,Haryana,,,
13/07/2021,Haryana,,,
14/07/2021,Haryana,,,
15/07/2021,Haryana,,,
16/01/2021,Himachal Pradesh,202,202,0
17/01/2021,Himachal Pradesh,202,202,0
18/01/2021,Himachal Pradesh,352,352,0
19/01/2021,Himachal Pradesh,448,448,0
20/01/2021,Himachal Pradesh,448,448,0
21/01/2021,Himachal Pradesh,610,610,0
22/01/2021,Himachal Pradesh,1427,1427,0
23/01/2021,Himachal Pradesh,5396,5396,0
24/01/2021,Himachal Pradesh,5594,5594,0
25/01/2021,Himachal Pradesh,6104,6104,0
26/01/2021,Himachal Pradesh,6188,6188,0
27/01/2021,Himachal Pradesh,8859,8859,0
28/01/2021,Himachal Pradesh,13883,13883,0
29/01/2021,Himachal Pradesh,17978,17978,0
30/01/2021,Himachal Pradesh,22787,22787,0
31/01/2021,Himachal Pradesh,22798,22798,0
1/2/2021,Himachal Pradesh,28464,28464,0
2/2/2021,Himachal Pradesh,34218,34218,0
3/2/2021,Himachal Pradesh,38734,38734,0
4/2/2021,Himachal Pradesh,43053,43053,0
5/2/2021,Himachal Pradesh,46401,46401,0
6/2/2021,Himachal Pradesh,49335,49335,0
7/2/2021,Himachal Pradesh,49338,49338,0
8/2/2021,Himachal Pradesh,52715,52715,0
9/2/2021,Himachal Pradesh,56021,56021,0
10/2/2021,Himachal Pradesh,60848,60848,0
11/2/2021,Himachal Pradesh,66825,66825,0
12/2/2021,Himachal Pradesh,73945,73945,0
13/02/2021,Himachal Pradesh,77192,76743,449
14/02/2021,Himachal Pradesh,77192,76743,449
15/02/2021,Himachal Pradesh,80952,79084,1868
16/02/2021,Himachal Pradesh,84718,81911,2807
17/02/2021,Himachal Pradesh,90616,86419,4197
18/02/2021,Himachal Pradesh,88620,83703,4917
19/02/2021,Himachal Pradesh,100648,92440,8208
20/02/2021,Himachal Pradesh,106400,94569,11831
21/02/2021,Himachal Pradesh,106629,94796,11833
22/02/2021,Himachal Pradesh,108120,96044,12076
23/02/2021,Himachal Pradesh,109590,97252,12338
24/02/2021,Himachal Pradesh,110920,98414,12506
25/02/2021,Himachal Pradesh,116818,100164,16654
26/02/2021,Himachal Pradesh,121420,100927,20493
27/02/2021,Himachal Pradesh,121420,100927,20493
28/02/2021,Himachal Pradesh,121420,100927,20493
1/3/2021,Himachal Pradesh,121420,100927,20493
2/3/2021,Himachal Pradesh,132714,104128,28586
3/3/2021,Himachal Pradesh,139479,106220,33259
4/3/2021,Himachal Pradesh,148541,110116,38425
5/3/2021,Himachal Pradesh,158469,116257,42212
6/3/2021,Himachal Pradesh,165915,120892,45023
7/3/2021,Himachal Pradesh,168003,122797,45206
8/3/2021,Himachal Pradesh,176202,128118,48084
9/3/2021,Himachal Pradesh,146888,95370,51518
10/3/2021,Himachal Pradesh,156463,101716,54747
11/3/2021,Himachal Pradesh,157123,102129,54994
12/3/2021,Himachal Pradesh,175442,114206,61236
13/03/2021,Himachal Pradesh,182060,118806,63254
14/03/2021,Himachal Pradesh,183378,119986,63392
15/03/2021,Himachal Pradesh,195010,128508,66502
16/03/2021,Himachal Pradesh,273299,203011,70288
17/03/2021,Himachal Pradesh,308812,236523,72289
18/03/2021,Himachal Pradesh,337481,262915,74566
19/03/2021,Himachal Pradesh,358451,281109,77342
20/03/2021,Himachal Pradesh,369805,290409,79396
21/03/2021,Himachal Pradesh,371574,292027,79547
22/03/2021,Himachal Pradesh,381047,300139,80908
23/03/2021,Himachal Pradesh,404158,321471,82687
24/03/2021,Himachal Pradesh,416718,333002,83716
25/03/2021,Himachal Pradesh,455004,370260,84744
26/03/2021,Himachal Pradesh,476805,390817,85988
27/03/2021,Himachal Pradesh,496972,410497,86475
28/03/2021,Himachal Pradesh,498085,411591,86494
29/03/2021,Himachal Pradesh,498916,412400,86516
30/03/2021,Himachal Pradesh,527330,439684,87646
31/03/2021,Himachal Pradesh,536465,448077,88388
1/4/2021,Himachal Pradesh,574177,484952,89225
2/4/2021,Himachal Pradesh,594644,504793,89851
3/4/2021,Himachal Pradesh,611300,520521,90779
4/4/2021,Himachal Pradesh,631189,539485,91704
5/4/2021,Himachal Pradesh,661559,568597,92962
6/4/2021,Himachal Pradesh,688362,594144,94218
7/4/2021,Himachal Pradesh,775168,677374,97794
8/4/2021,Himachal Pradesh,841809,741610,100199
9/4/2021,Himachal Pradesh,891279,788372,102907
10/4/2021,Himachal Pradesh,942833,837398,105435
11/4/2021,Himachal Pradesh,983912,876538,107374
12/4/2021,Himachal Pradesh,1051220,940171,111049
13/04/2021,Himachal Pradesh,1111863,996913,114950
14/04/2021,Himachal Pradesh,1157878,1039677,118201
15/04/2021,Himachal Pradesh,1192530,1070578,121952
16/04/2021,Himachal Pradesh,1241591,1112736,128855
17/04/2021,Himachal Pradesh,1278093,1143738,134355
18/04/2021,Himachal Pradesh,1289502,1153059,136443
19/04/2021,Himachal Pradesh,1328660,1184950,143710
20/04/2021,Himachal Pradesh,1378690,1225885,152805
21/04/2021,Himachal Pradesh,1400800,1244615,156185
22/04/2021,Himachal Pradesh,1451402,1286057,165345
23/04/2021,Himachal Pradesh,1497988,1322767,175221
24/04/2021,Himachal Pradesh,1537559,1354936,182623
25/04/2021,Himachal Pradesh,1548508,1363273,185235
26/04/2021,Himachal Pradesh,1593350,1396626,196724
27/04/2021,Himachal Pradesh,1644453,1434382,210071
28/04/2021,Himachal Pradesh,1689867,1468126,221741
29/04/2021,Himachal Pradesh,1743174,1505397,237777
30/04/2021,Himachal Pradesh,1793341,1541255,252086
1/5/2021,Himachal Pradesh,1823400,1562272,261128
2/5/2021,Himachal Pradesh,1828966,1566274,262692
3/5/2021,Himachal Pradesh,1874042,1595354,278688
4/5/2021,Himachal Pradesh,1920953,1624444,296509
5/5/2021,Himachal Pradesh,1956253,1645491,310762
6/5/2021,Himachal Pradesh,2005160,1671620,333540
7/5/2021,Himachal Pradesh,2037602,1688202,349400
8/5/2021,Himachal Pradesh,2058866,1699206,359660
9/5/2021,Himachal Pradesh,2065283,1702305,362978
10/5/2021,Himachal Pradesh,2097748,1717794,379954
11/5/2021,Himachal Pradesh,2125140,1730336,394804
12/5/2021,Himachal Pradesh,2141989,1740172,401817
13/05/2021,Himachal Pradesh,2175417,1757908,417509
14/05/2021,Himachal Pradesh,2191401,1767255,424146
15/05/2021,Himachal Pradesh,2217221,1784546,432675
16/05/2021,Himachal Pradesh,2220769,1787942,432827
17/05/2021,Himachal Pradesh,2243890,1810997,432893
18/05/2021,Himachal Pradesh,2265500,1832502,432998
19/05/2021,Himachal Pradesh,2281222,1848161,433061
20/05/2021,Himachal Pradesh,2304113,1871031,433082
21/05/2021,Himachal Pradesh,2323018,1889841,433177
22/05/2021,Himachal Pradesh,2334587,1901360,433227
23/05/2021,Himachal Pradesh,2336772,1903533,433239
24/05/2021,Himachal Pradesh,2358357,1925091,433266
25/05/2021,Himachal Pradesh,2377021,1943657,433364
26/05/2021,Himachal Pradesh,2383941,1950536,433405
27/05/2021,Himachal Pradesh,2405467,1972047,433420
28/05/2021,Himachal Pradesh,2419143,1985601,433542
29/05/2021,Himachal Pradesh,2429862,1996254,433608
30/05/2021,Himachal Pradesh,2431191,1997579,433612
31/05/2021,Himachal Pradesh,2456257,2022636,433621
1/6/2021,Himachal Pradesh,2471148,2037384,433764
2/6/2021,Himachal Pradesh,2482794,2048963,433831
3/6/2021,Himachal Pradesh,2494074,2060164,433910
4/6/2021,Himachal Pradesh,2509695,2075616,434079
5/6/2021,Himachal Pradesh,2523243,2089053,434190
6/6/2021,Himachal Pradesh,2524493,2090289,434204
7/6/2021,Himachal Pradesh,2536559,2102102,434457
8/6/2021,Himachal Pradesh,2549426,2114649,434777
9/6/2021,Himachal Pradesh,2557978,2123031,434947
10/6/2021,Himachal Pradesh,2566399,2131119,435280
11/6/2021,Himachal Pradesh,2576674,2141030,435644
12/6/2021,Himachal Pradesh,2587927,2151953,435974
13/06/2021,Himachal Pradesh,2588086,2152111,435975
14/06/2021,Himachal Pradesh,2614787,2178801,435986
15/06/2021,Himachal Pradesh,2659045,2222751,436294
16/06/2021,Himachal Pradesh,2699523,2262895,436628
17/06/2021,Himachal Pradesh,2741702,2304599,437103
18/06/2021,Himachal Pradesh,2793097,2354749,438348
19/06/2021,Himachal Pradesh,2819145,2378841,440304
20/06/2021,Himachal Pradesh,2819998,2379678,440320
21/06/2021,Himachal Pradesh,2918724,2478389,440335
22/06/2021,Himachal Pradesh,3040740,2600380,440360
23/06/2021,Himachal Pradesh,3185389,2744942,440447
24/06/2021,Himachal Pradesh,3223393,2773268,450125
25/06/2021,Himachal Pradesh,3330049,2868066,461983
26/06/2021,Himachal Pradesh,3482066,3010202,471864
27/06/2021,Himachal Pradesh,3497784,3025895,471889
28/06/2021,Himachal Pradesh,3666915,3187698,479217
29/06/2021,Himachal Pradesh,3827079,3338511,488568
30/06/2021,Himachal Pradesh,3866287,3351501,514786
1/7/2021,Himachal Pradesh,3908924,3362065,546859
2/7/2021,Himachal Pradesh,3947386,3370592,576794
3/7/2021,Himachal Pradesh,3985889,3378237,607652
4/7/2021,Himachal Pradesh,3986005,3378319,607686
5/7/2021,Himachal Pradesh,4047093,3387795,659298
6/7/2021,Himachal Pradesh,4115822,3398020,717802
7/7/2021,Himachal Pradesh,,,
8/7/2021,Himachal Pradesh,,,
9/7/2021,Himachal Pradesh,,,
10/7/2021,Himachal Pradesh,,,
11/7/2021,Himachal Pradesh,,,
12/7/2021,Himachal Pradesh,,,
13/07/2021,Himachal Pradesh,,,
14/07/2021,Himachal Pradesh,,,
15/07/2021,Himachal Pradesh,,,
16/01/2021,Jammu and Kashmir,377,377,0
17/01/2021,Jammu and Kashmir,421,421,0
18/01/2021,Jammu and Kashmir,672,672,0
19/01/2021,Jammu and Kashmir,1369,1369,0
20/01/2021,Jammu and Kashmir,1369,1369,0
21/01/2021,Jammu and Kashmir,2296,2296,0
22/01/2021,Jammu and Kashmir,3807,3807,0
23/01/2021,Jammu and Kashmir,5593,5593,0
24/01/2021,Jammu and Kashmir,5893,5893,0
25/01/2021,Jammu and Kashmir,10498,10498,0
26/01/2021,Jammu and Kashmir,10626,10626,0
27/01/2021,Jammu and Kashmir,11562,11562,0
28/01/2021,Jammu and Kashmir,17280,17280,0
29/01/2021,Jammu and Kashmir,21124,21124,0
30/01/2021,Jammu and Kashmir,21261,21261,0
31/01/2021,Jammu and Kashmir,21268,21268,0
1/2/2021,Jammu and Kashmir,21322,21322,0
2/2/2021,Jammu and Kashmir,21352,21352,0
3/2/2021,Jammu and Kashmir,21478,21478,0
4/2/2021,Jammu and Kashmir,27796,27796,0
5/2/2021,Jammu and Kashmir,33899,33899,0
6/2/2021,Jammu and Kashmir,40909,40909,0
7/2/2021,Jammu and Kashmir,41543,41543,0
8/2/2021,Jammu and Kashmir,51872,51872,0
9/2/2021,Jammu and Kashmir,63529,63529,0
10/2/2021,Jammu and Kashmir,65779,65779,0
11/2/2021,Jammu and Kashmir,83295,83295,0
12/2/2021,Jammu and Kashmir,100823,100823,0
13/02/2021,Jammu and Kashmir,118399,117677,722
14/02/2021,Jammu and Kashmir,119015,118293,722
15/02/2021,Jammu and Kashmir,136032,134369,1663
16/02/2021,Jammu and Kashmir,150271,148004,2267
17/02/2021,Jammu and Kashmir,151145,148878,2267
18/02/2021,Jammu and Kashmir,166429,163037,3392
19/02/2021,Jammu and Kashmir,181492,176551,4941
20/02/2021,Jammu and Kashmir,192355,186097,6258
21/02/2021,Jammu and Kashmir,192581,186304,6277
22/02/2021,Jammu and Kashmir,204193,195331,8862
23/02/2021,Jammu and Kashmir,212075,202132,9943
24/02/2021,Jammu and Kashmir,212702,202749,9953
25/02/2021,Jammu and Kashmir,226087,213201,12886
26/02/2021,Jammu and Kashmir,238073,222386,15687
27/02/2021,Jammu and Kashmir,238073,222386,15687
28/02/2021,Jammu and Kashmir,238075,222388,15687
1/3/2021,Jammu and Kashmir,238075,222388,15687
2/3/2021,Jammu and Kashmir,258723,241454,17269
3/3/2021,Jammu and Kashmir,260977,243610,17367
4/3/2021,Jammu and Kashmir,277184,257976,19208
5/3/2021,Jammu and Kashmir,294559,272803,21756
6/3/2021,Jammu and Kashmir,313949,288844,25105
7/3/2021,Jammu and Kashmir,314237,289112,25125
8/3/2021,Jammu and Kashmir,339975,309309,30666
9/3/2021,Jammu and Kashmir,335454,298325,37129
10/3/2021,Jammu and Kashmir,336723,299275,37448
11/3/2021,Jammu and Kashmir,337836,300120,37716
12/3/2021,Jammu and Kashmir,340719,300849,39870
13/03/2021,Jammu and Kashmir,378291,323433,54858
14/03/2021,Jammu and Kashmir,379043,323902,55141
15/03/2021,Jammu and Kashmir,415786,347322,68464
16/03/2021,Jammu and Kashmir,490249,409038,81211
17/03/2021,Jammu and Kashmir,506212,424693,81519
18/03/2021,Jammu and Kashmir,545897,452341,93556
19/03/2021,Jammu and Kashmir,569002,467694,101308
20/03/2021,Jammu and Kashmir,583776,477578,106198
21/03/2021,Jammu and Kashmir,585549,478715,106834
22/03/2021,Jammu and Kashmir,615587,499326,116261
23/03/2021,Jammu and Kashmir,643931,520247,123684
24/03/2021,Jammu and Kashmir,645295,520936,124359
25/03/2021,Jammu and Kashmir,680969,549986,130983
26/03/2021,Jammu and Kashmir,708706,573587,135119
27/03/2021,Jammu and Kashmir,734150,595686,138464
28/03/2021,Jammu and Kashmir,735216,596652,138564
29/03/2021,Jammu and Kashmir,760669,618375,142294
30/03/2021,Jammu and Kashmir,787931,641299,146632
31/03/2021,Jammu and Kashmir,789202,642348,146854
1/4/2021,Jammu and Kashmir,820121,669358,150763
2/4/2021,Jammu and Kashmir,862951,707269,155682
3/4/2021,Jammu and Kashmir,896589,737067,159522
4/4/2021,Jammu and Kashmir,926410,764873,161537
5/4/2021,Jammu and Kashmir,965018,799804,165214
6/4/2021,Jammu and Kashmir,1000073,831857,168216
7/4/2021,Jammu and Kashmir,1083663,909465,174198
8/4/2021,Jammu and Kashmir,1177106,994678,182428
9/4/2021,Jammu and Kashmir,1240399,1053587,186812
10/4/2021,Jammu and Kashmir,1286329,1095604,190725
11/4/2021,Jammu and Kashmir,1321714,1128724,192990
12/4/2021,Jammu and Kashmir,1390071,1190462,199609
13/04/2021,Jammu and Kashmir,1420580,1217666,202914
14/04/2021,Jammu and Kashmir,1452639,1245840,206799
15/04/2021,Jammu and Kashmir,1500140,1285404,214736
16/04/2021,Jammu and Kashmir,1544416,1322027,222389
17/04/2021,Jammu and Kashmir,1588988,1358605,230383
18/04/2021,Jammu and Kashmir,1622097,1386560,235537
19/04/2021,Jammu and Kashmir,1688073,1439317,248756
20/04/2021,Jammu and Kashmir,1752949,1492291,260658
21/04/2021,Jammu and Kashmir,1801163,1532708,268455
22/04/2021,Jammu and Kashmir,1856450,1576508,279942
23/04/2021,Jammu and Kashmir,1924526,1632265,292261
24/04/2021,Jammu and Kashmir,1996721,1691210,305511
25/04/2021,Jammu and Kashmir,2043208,1731283,311925
26/04/2021,Jammu and Kashmir,2125643,1798206,327437
27/04/2021,Jammu and Kashmir,2186894,1848389,338505
28/04/2021,Jammu and Kashmir,2256066,1904409,351657
29/04/2021,Jammu and Kashmir,2311019,1946913,364106
30/04/2021,Jammu and Kashmir,2348049,1974919,373130
1/5/2021,Jammu and Kashmir,2376239,1995989,380250
2/5/2021,Jammu and Kashmir,2415072,2027309,387763
3/5/2021,Jammu and Kashmir,2467470,2065375,402095
4/5/2021,Jammu and Kashmir,2503624,2091960,411664
5/5/2021,Jammu and Kashmir,2560453,2133638,426815
6/5/2021,Jammu and Kashmir,2610901,2166988,443913
7/5/2021,Jammu and Kashmir,2673010,2208633,464377
8/5/2021,Jammu and Kashmir,2717486,2236255,481231
9/5/2021,Jammu and Kashmir,2730327,2244582,485745
10/5/2021,Jammu and Kashmir,2762379,2261462,500917
11/5/2021,Jammu and Kashmir,2792754,2277054,515700
12/5/2021,Jammu and Kashmir,2806013,2286567,519446
13/05/2021,Jammu and Kashmir,2811983,2290511,521472
14/05/2021,Jammu and Kashmir,2829044,2301414,527630
15/05/2021,Jammu and Kashmir,2846293,2313307,532986
16/05/2021,Jammu and Kashmir,2854854,2321690,533164
17/05/2021,Jammu and Kashmir,2869473,2335697,533776
18/05/2021,Jammu and Kashmir,2882672,2348544,534128
19/05/2021,Jammu and Kashmir,2890348,2356090,534258
20/05/2021,Jammu and Kashmir,2905453,2370453,535000
21/05/2021,Jammu and Kashmir,2919082,2383343,535739
22/05/2021,Jammu and Kashmir,2955597,2418184,537413
23/05/2021,Jammu and Kashmir,2973265,2435203,538062
24/05/2021,Jammu and Kashmir,3010300,2470847,539453
25/05/2021,Jammu and Kashmir,3050427,2510205,540222
26/05/2021,Jammu and Kashmir,3094817,2554226,540591
27/05/2021,Jammu and Kashmir,3155082,2613886,541196
28/05/2021,Jammu and Kashmir,3204395,2662543,541852
29/05/2021,Jammu and Kashmir,3242705,2699856,542849
30/05/2021,Jammu and Kashmir,3265442,2722017,543425
31/05/2021,Jammu and Kashmir,3301002,2754861,546141
1/6/2021,Jammu and Kashmir,3334213,2784248,549965
2/6/2021,Jammu and Kashmir,3367582,2813904,553678
3/6/2021,Jammu and Kashmir,3398622,2841416,557206
4/6/2021,Jammu and Kashmir,3429944,2868479,561465
5/6/2021,Jammu and Kashmir,3461430,2896360,565070
6/6/2021,Jammu and Kashmir,3476138,2910164,565974
7/6/2021,Jammu and Kashmir,3501829,2932304,569525
8/6/2021,Jammu and Kashmir,3528456,2955248,573208
9/6/2021,Jammu and Kashmir,3549785,2974987,574798
10/6/2021,Jammu and Kashmir,3582621,3005115,577506
11/6/2021,Jammu and Kashmir,3616809,3036734,580075
12/6/2021,Jammu and Kashmir,3651569,3068862,582707
13/06/2021,Jammu and Kashmir,3680941,3097492,583449
14/06/2021,Jammu and Kashmir,3732404,3146640,585764
15/06/2021,Jammu and Kashmir,3782472,3194499,587973
16/06/2021,Jammu and Kashmir,3818944,3229615,589329
17/06/2021,Jammu and Kashmir,3860287,3267877,592410
18/06/2021,Jammu and Kashmir,3910835,3313601,597234
19/06/2021,Jammu and Kashmir,3953717,3351691,602026
20/06/2021,Jammu and Kashmir,3970723,3367528,603195
21/06/2021,Jammu and Kashmir,4009211,3402011,607200
22/06/2021,Jammu and Kashmir,4051418,3439485,611933
23/06/2021,Jammu and Kashmir,4119122,3502239,616883
24/06/2021,Jammu and Kashmir,4169680,3546680,623000
25/06/2021,Jammu and Kashmir,4232071,3602396,629675
26/06/2021,Jammu and Kashmir,4282658,3643605,639053
27/06/2021,Jammu and Kashmir,4344943,3699377,645566
28/06/2021,Jammu and Kashmir,4416417,3758141,658276
29/06/2021,Jammu and Kashmir,4467382,3801390,665992
30/06/2021,Jammu and Kashmir,4525535,3844705,680830
1/7/2021,Jammu and Kashmir,4570376,3876688,693688
2/7/2021,Jammu and Kashmir,4670310,3948339,721971
3/7/2021,Jammu and Kashmir,4759759,4013073,746686
4/7/2021,Jammu and Kashmir,4805884,4051232,754652
5/7/2021,Jammu and Kashmir,4872354,4101877,770477
6/7/2021,Jammu and Kashmir,4928467,4147987,780480
7/7/2021,Jammu and Kashmir,,,
8/7/2021,Jammu and Kashmir,,,
9/7/2021,Jammu and Kashmir,,,
10/7/2021,Jammu and Kashmir,,,
11/7/2021,Jammu and Kashmir,,,
12/7/2021,Jammu and Kashmir,,,
13/07/2021,Jammu and Kashmir,,,
14/07/2021,Jammu and Kashmir,,,
15/07/2021,Jammu and Kashmir,,,
16/01/2021,Jharkhand,344,344,0
17/01/2021,Jharkhand,344,344,0
18/01/2021,Jharkhand,749,749,0
19/01/2021,Jharkhand,1455,1455,0
20/01/2021,Jharkhand,2258,2258,0
21/01/2021,Jharkhand,2258,2258,0
22/01/2021,Jharkhand,4023,4023,0
23/01/2021,Jharkhand,4117,4117,0
24/01/2021,Jharkhand,4573,4573,0
25/01/2021,Jharkhand,8636,8636,0
26/01/2021,Jharkhand,8708,8708,0
27/01/2021,Jharkhand,15269,15269,0
28/01/2021,Jharkhand,15617,15617,0
29/01/2021,Jharkhand,23685,23685,0
30/01/2021,Jharkhand,31477,31477,0
31/01/2021,Jharkhand,31672,31672,0
1/2/2021,Jharkhand,39147,39147,0
2/2/2021,Jharkhand,46900,46900,0
3/2/2021,Jharkhand,58991,58991,0
4/2/2021,Jharkhand,66209,66209,0
5/2/2021,Jharkhand,77034,77034,0
6/2/2021,Jharkhand,86786,86786,0
7/2/2021,Jharkhand,96697,96697,0
8/2/2021,Jharkhand,113951,113951,0
9/2/2021,Jharkhand,133247,133247,0
10/2/2021,Jharkhand,152985,152985,0
11/2/2021,Jharkhand,167957,167957,0
12/2/2021,Jharkhand,181722,181722,0
13/02/2021,Jharkhand,197934,195956,1978
14/02/2021,Jharkhand,205424,203227,2197
15/02/2021,Jharkhand,219873,215731,4142
16/02/2021,Jharkhand,228558,222983,5575
17/02/2021,Jharkhand,241010,233318,7692
18/02/2021,Jharkhand,249047,240361,8686
19/02/2021,Jharkhand,262687,251913,10774
20/02/2021,Jharkhand,271129,259546,11583
21/02/2021,Jharkhand,273466,261700,11766
22/02/2021,Jharkhand,281976,268315,13661
23/02/2021,Jharkhand,289373,274560,14813
24/02/2021,Jharkhand,298027,279979,18048
25/02/2021,Jharkhand,304309,285072,19237
26/02/2021,Jharkhand,313438,289681,23757
27/02/2021,Jharkhand,313438,289681,23757
28/02/2021,Jharkhand,313438,289681,23757
1/3/2021,Jharkhand,313438,289681,23757
2/3/2021,Jharkhand,332286,300236,32050
3/3/2021,Jharkhand,350716,312092,38624
4/3/2021,Jharkhand,368393,323632,44761
5/3/2021,Jharkhand,389443,336342,53101
6/3/2021,Jharkhand,410219,349329,60890
7/3/2021,Jharkhand,416787,353354,63433
8/3/2021,Jharkhand,442754,368526,74228
9/3/2021,Jharkhand,402293,313825,88468
10/3/2021,Jharkhand,433106,328716,104390
11/3/2021,Jharkhand,448191,337413,110778
12/3/2021,Jharkhand,480023,354643,125380
13/03/2021,Jharkhand,506986,369293,137693
14/03/2021,Jharkhand,526061,381922,144139
15/03/2021,Jharkhand,564865,406491,158374
16/03/2021,Jharkhand,691414,520822,170592
17/03/2021,Jharkhand,747474,566563,180911
18/03/2021,Jharkhand,779686,589818,189868
19/03/2021,Jharkhand,815129,617091,198038
20/03/2021,Jharkhand,922788,716690,206098
21/03/2021,Jharkhand,1087557,877428,210129
22/03/2021,Jharkhand,1131165,914943,216222
23/03/2021,Jharkhand,1286679,1062427,224252
24/03/2021,Jharkhand,1406423,1177165,229258
25/03/2021,Jharkhand,1448065,1214880,233185
26/03/2021,Jharkhand,1510164,1273664,236500
27/03/2021,Jharkhand,1609918,1370655,239263
28/03/2021,Jharkhand,1624010,1384612,239398
29/03/2021,Jharkhand,1625662,1386163,239499
30/03/2021,Jharkhand,1636559,1394924,241635
31/03/2021,Jharkhand,1660956,1415140,245816
1/4/2021,Jharkhand,1686394,1437104,249290
2/4/2021,Jharkhand,1729117,1475614,253503
3/4/2021,Jharkhand,1758073,1501006,257067
4/4/2021,Jharkhand,1839503,1578359,261144
5/4/2021,Jharkhand,1913640,1649049,264591
6/4/2021,Jharkhand,1973281,1705435,267846
7/4/2021,Jharkhand,2062758,1788075,274683
8/4/2021,Jharkhand,2134827,1855020,279807
9/4/2021,Jharkhand,2162617,1879293,283324
10/4/2021,Jharkhand,2260123,1970433,289690
11/4/2021,Jharkhand,2359684,2065113,294571
12/4/2021,Jharkhand,2429156,2127045,302111
13/04/2021,Jharkhand,2505707,2196926,308781
14/04/2021,Jharkhand,2595718,2279843,315875
15/04/2021,Jharkhand,2640772,2318245,322527
16/04/2021,Jharkhand,2681749,2351517,330232
17/04/2021,Jharkhand,2733464,2393775,339689
18/04/2021,Jharkhand,2775262,2427024,348238
19/04/2021,Jharkhand,2807543,2449014,358529
20/04/2021,Jharkhand,2848719,2477515,371204
21/04/2021,Jharkhand,2877453,2496708,380745
22/04/2021,Jharkhand,2901875,2512136,389739
23/04/2021,Jharkhand,2935365,2532881,402484
24/04/2021,Jharkhand,2965021,2550782,414239
25/04/2021,Jharkhand,2977865,2558670,419195
26/04/2021,Jharkhand,3005317,2574711,430606
27/04/2021,Jharkhand,3029124,2589148,439976
28/04/2021,Jharkhand,3053082,2603179,449903
29/04/2021,Jharkhand,3083117,2619343,463774
30/04/2021,Jharkhand,3114125,2635993,478132
1/5/2021,Jharkhand,3135680,2647485,488195
2/5/2021,Jharkhand,3146799,2653112,493687
3/5/2021,Jharkhand,3165998,2661873,504125
4/5/2021,Jharkhand,3186484,2671304,515180
5/5/2021,Jharkhand,3211894,2681933,529961
6/5/2021,Jharkhand,3233186,2691611,541575
7/5/2021,Jharkhand,3257332,2702393,554939
8/5/2021,Jharkhand,3284802,2714194,570608
9/5/2021,Jharkhand,3303003,2722859,580144
10/5/2021,Jharkhand,3336638,2738946,597692
11/5/2021,Jharkhand,3373071,2754830,618241
12/5/2021,Jharkhand,3402653,2769962,632691
13/05/2021,Jharkhand,3428810,2782611,646199
14/05/2021,Jharkhand,3480054,2825315,654739
15/05/2021,Jharkhand,3541498,2876996,664502
16/05/2021,Jharkhand,3585174,2919090,666084
17/05/2021,Jharkhand,3640643,2972741,667902
18/05/2021,Jharkhand,3692552,3023461,669091
19/05/2021,Jharkhand,3743211,3072388,670823
20/05/2021,Jharkhand,3791168,3118200,672968
21/05/2021,Jharkhand,3840095,3165104,674991
22/05/2021,Jharkhand,3877535,3200833,676702
23/05/2021,Jharkhand,3922615,3243983,678632
24/05/2021,Jharkhand,3973018,3291812,681206
25/05/2021,Jharkhand,4012657,3328296,684361
26/05/2021,Jharkhand,4037120,3350619,686501
27/05/2021,Jharkhand,4053662,3365244,688418
28/05/2021,Jharkhand,4084905,3391607,693298
29/05/2021,Jharkhand,4124267,3424365,699902
30/05/2021,Jharkhand,4156776,3452239,704537
31/05/2021,Jharkhand,4194352,3484293,710059
1/6/2021,Jharkhand,4227513,3512443,715070
2/6/2021,Jharkhand,4266420,3545235,721185
3/6/2021,Jharkhand,4306358,3580164,726194
4/6/2021,Jharkhand,4378641,3646348,732293
5/6/2021,Jharkhand,4470721,3732019,738702
6/6/2021,Jharkhand,4549765,3806892,742873
7/6/2021,Jharkhand,4613214,3864177,749037
8/6/2021,Jharkhand,4673692,3918642,755050
9/6/2021,Jharkhand,4732666,3971153,761513
10/6/2021,Jharkhand,4802571,4036613,765958
11/6/2021,Jharkhand,4896908,4123823,773085
12/6/2021,Jharkhand,4998435,4212899,785536
13/06/2021,Jharkhand,5107681,4309176,798505
14/06/2021,Jharkhand,5200591,4385314,815277
15/06/2021,Jharkhand,5275846,4445031,830815
16/06/2021,Jharkhand,5351699,4506462,845237
17/06/2021,Jharkhand,5439159,4580622,858537
18/06/2021,Jharkhand,5546776,4670691,876085
19/06/2021,Jharkhand,5656138,4762333,893805
20/06/2021,Jharkhand,5778609,4869438,909171
21/06/2021,Jharkhand,5883561,4957150,926411
22/06/2021,Jharkhand,6000196,5055364,944832
23/06/2021,Jharkhand,6131818,5167917,963901
24/06/2021,Jharkhand,6255348,5275892,979456
25/06/2021,Jharkhand,6403158,5408550,994608
26/06/2021,Jharkhand,6547873,5536533,1011340
27/06/2021,Jharkhand,6668652,5640086,1028566
28/06/2021,Jharkhand,6770349,5724536,1045813
29/06/2021,Jharkhand,6830286,5771964,1058322
30/06/2021,Jharkhand,6854142,5789884,1064258
1/7/2021,Jharkhand,6893417,5821359,1072058
2/7/2021,Jharkhand,6924097,5846418,1077679
3/7/2021,Jharkhand,7059365,5948380,1110985
4/7/2021,Jharkhand,7199780,6053155,1146625
5/7/2021,Jharkhand,7301080,6126833,1174247
6/7/2021,Jharkhand,7444490,6227928,1216562
7/7/2021,Jharkhand,,,
8/7/2021,Jharkhand,,,
9/7/2021,Jharkhand,,,
10/7/2021,Jharkhand,,,
11/7/2021,Jharkhand,,,
12/7/2021,Jharkhand,,,
13/07/2021,Jharkhand,,,
14/07/2021,Jharkhand,,,
15/07/2021,Jharkhand,,,
16/01/2021,Karnataka,3810,3810,0
17/01/2021,Karnataka,4506,4506,0
18/01/2021,Karnataka,14755,14755,0
19/01/2021,Karnataka,25142,25142,0
20/01/2021,Karnataka,36705,36705,0
21/01/2021,Karnataka,47344,47344,0
22/01/2021,Karnataka,77432,77432,0
23/01/2021,Karnataka,84585,84585,0
24/01/2021,Karnataka,93426,93426,0
25/01/2021,Karnataka,138721,138721,0
26/01/2021,Karnataka,140856,140856,0
27/01/2021,Karnataka,196089,196089,0
28/01/2021,Karnataka,215875,215875,0
29/01/2021,Karnataka,234619,234619,0
30/01/2021,Karnataka,246438,246438,0
31/01/2021,Karnataka,247613,247613,0
1/2/2021,Karnataka,249931,249931,0
2/2/2021,Karnataka,250715,250715,0
3/2/2021,Karnataka,251723,251723,0
4/2/2021,Karnataka,265577,265577,0
5/2/2021,Karnataka,295307,295307,0
6/2/2021,Karnataka,321521,321521,0
7/2/2021,Karnataka,325554,325554,0
8/2/2021,Karnataka,350327,350327,0
9/2/2021,Karnataka,379152,379152,0
10/2/2021,Karnataka,403105,403105,0
11/2/2021,Karnataka,415241,415241,0
12/2/2021,Karnataka,430303,430303,0
13/02/2021,Karnataka,435685,435670,15
14/02/2021,Karnataka,435835,435820,15
15/02/2021,Karnataka,462838,451537,11301
16/02/2021,Karnataka,501618,473092,28526
17/02/2021,Karnataka,560044,505305,54739
18/02/2021,Karnataka,537677,472428,65249
19/02/2021,Karnataka,637368,535611,101757
20/02/2021,Karnataka,663860,546779,117081
21/02/2021,Karnataka,665580,547587,117993
22/02/2021,Karnataka,705083,560544,144539
23/02/2021,Karnataka,738792,575708,163084
24/02/2021,Karnataka,777394,592088,185306
25/02/2021,Karnataka,802101,601961,200140
26/02/2021,Karnataka,833025,611335,221690
27/02/2021,Karnataka,833025,611335,221690
28/02/2021,Karnataka,833025,611335,221690
1/3/2021,Karnataka,833025,611335,221690
2/3/2021,Karnataka,845726,621289,224437
3/3/2021,Karnataka,860417,633181,227236
4/3/2021,Karnataka,875597,645171,230426
5/3/2021,Karnataka,897268,661097,236171
6/3/2021,Karnataka,923407,678604,244803
7/3/2021,Karnataka,925831,680182,245649
8/3/2021,Karnataka,994382,729461,264921
9/3/2021,Karnataka,788948,511728,277220
10/3/2021,Karnataka,879486,581668,297818
11/3/2021,Karnataka,895719,594042,301677
12/3/2021,Karnataka,998460,680155,318305
13/03/2021,Karnataka,1048543,723061,325482
14/03/2021,Karnataka,1067628,741104,326524
15/03/2021,Karnataka,1233619,893702,339917
16/03/2021,Karnataka,1621831,1271286,350545
17/03/2021,Karnataka,2013637,1649513,364124
18/03/2021,Karnataka,2124428,1752016,372412
19/03/2021,Karnataka,2371563,1987433,384130
20/03/2021,Karnataka,2578280,2182510,395770
21/03/2021,Karnataka,2611299,2214176,397123
22/03/2021,Karnataka,2806130,2399962,406168
23/03/2021,Karnataka,2954336,2539195,415141
24/03/2021,Karnataka,3140034,2716069,423965
25/03/2021,Karnataka,3234506,2805919,428587
26/03/2021,Karnataka,3396982,2960802,436180
27/03/2021,Karnataka,3522500,3080769,441731
28/03/2021,Karnataka,3542620,3100377,442243
29/03/2021,Karnataka,3682325,3234131,448194
30/03/2021,Karnataka,3800933,3346567,454366
31/03/2021,Karnataka,3952215,3489527,462688
1/4/2021,Karnataka,4066715,3599566,467149
2/4/2021,Karnataka,4266426,3793071,473355
3/4/2021,Karnataka,4450751,3971518,479233
4/4/2021,Karnataka,4592345,4108669,483676
5/4/2021,Karnataka,4765091,4274168,490923
6/4/2021,Karnataka,4874443,4378738,495705
7/4/2021,Karnataka,5193089,4681696,511393
8/4/2021,Karnataka,5463170,4936256,526914
9/4/2021,Karnataka,5788229,5241266,546963
10/4/2021,Karnataka,6066457,5502062,564395
11/4/2021,Karnataka,6208540,5635988,572552
12/4/2021,Karnataka,6407151,5814005,593146
13/04/2021,Karnataka,6446449,5848181,598268
14/04/2021,Karnataka,6550378,5935191,615187
15/04/2021,Karnataka,6704302,6060959,643343
16/04/2021,Karnataka,6910211,6226534,683677
17/04/2021,Karnataka,7191885,6449119,742766
18/04/2021,Karnataka,7296541,6532361,764180
19/04/2021,Karnataka,7542740,6710926,831814
20/04/2021,Karnataka,7768341,6871164,897177
21/04/2021,Karnataka,7957698,7004724,952974
22/04/2021,Karnataka,8189265,7158532,1030733
23/04/2021,Karnataka,8446284,7334071,1112213
24/04/2021,Karnataka,8592838,7439115,1153723
25/04/2021,Karnataka,8673546,7495232,1178314
26/04/2021,Karnataka,8892099,7631765,1260334
27/04/2021,Karnataka,9088000,7750770,1337230
28/04/2021,Karnataka,9276973,7864503,1412470
29/04/2021,Karnataka,9400272,7940695,1459577
30/04/2021,Karnataka,9642439,8090917,1551522
1/5/2021,Karnataka,9776943,8178490,1598453
2/5/2021,Karnataka,9817518,8204770,1612748
3/5/2021,Karnataka,9901051,8253648,1647403
4/5/2021,Karnataka,9962735,8289078,1673657
5/5/2021,Karnataka,10150823,8387120,1763703
6/5/2021,Karnataka,10314190,8468403,1845787
7/5/2021,Karnataka,10450470,8527328,1923142
8/5/2021,Karnataka,10596894,8577077,2019817
9/5/2021,Karnataka,10643323,8591372,2051951
10/5/2021,Karnataka,10772140,8638830,2133310
11/5/2021,Karnataka,10963129,8718545,2244584
12/5/2021,Karnataka,11102044,8792803,2309241
13/05/2021,Karnataka,11205478,8851449,2354029
14/05/2021,Karnataka,11296508,8885120,2411388
15/05/2021,Karnataka,11424456,8927204,2497252
16/05/2021,Karnataka,11448846,8942960,2505886
17/05/2021,Karnataka,11543880,9017346,2526534
18/05/2021,Karnataka,11629177,9091077,2538100
19/05/2021,Karnataka,11714719,9162909,2551810
20/05/2021,Karnataka,11800829,9228494,2572335
21/05/2021,Karnataka,11909365,9307694,2601671
22/05/2021,Karnataka,12024591,9407939,2616652
23/05/2021,Karnataka,12090122,9468988,2621134
24/05/2021,Karnataka,12245538,9612835,2632703
25/05/2021,Karnataka,12412615,9770531,2642084
26/05/2021,Karnataka,12592227,9939939,2652288
27/05/2021,Karnataka,12825223,10154372,2670851
28/05/2021,Karnataka,13092345,10393577,2698768
29/05/2021,Karnataka,13346630,10625599,2721031
30/05/2021,Karnataka,13439808,10709480,2730328
31/05/2021,Karnataka,13683390,10929687,2753703
1/6/2021,Karnataka,13906541,11133566,2772975
2/6/2021,Karnataka,14154710,11363561,2791149
3/6/2021,Karnataka,14407706,11596660,2811046
4/6/2021,Karnataka,14735361,11899361,2836000
5/6/2021,Karnataka,15068597,12206183,2862414
6/6/2021,Karnataka,15203304,12333182,2870122
7/6/2021,Karnataka,15504527,12612607,2891920
8/6/2021,Karnataka,15759842,12847608,2912234
9/6/2021,Karnataka,15992599,13058077,2934522
10/6/2021,Karnataka,16249047,13294675,2954372
11/6/2021,Karnataka,16580369,13599544,2980825
12/6/2021,Karnataka,16892231,13885050,3007181
13/06/2021,Karnataka,16998892,13985016,3013876
14/06/2021,Karnataka,17262828,14219979,3042849
15/06/2021,Karnataka,17482779,14412058,3070721
16/06/2021,Karnataka,17695431,14594061,3101370
17/06/2021,Karnataka,17899357,14771770,3127587
18/06/2021,Karnataka,18130798,14971193,3159605
19/06/2021,Karnataka,18421390,15205385,3216005
20/06/2021,Karnataka,18498363,15268722,3229641
21/06/2021,Karnataka,19652759,16339169,3313590
22/06/2021,Karnataka,20104474,16752226,3352248
23/06/2021,Karnataka,20512334,17126371,3385963
24/06/2021,Karnataka,20921155,17493598,3427557
25/06/2021,Karnataka,21341517,17864741,3476776
26/06/2021,Karnataka,21622289,18089135,3533154
27/06/2021,Karnataka,21750366,18196068,3554298
28/06/2021,Karnataka,22202542,18563185,3639357
29/06/2021,Karnataka,22470761,18787206,3683555
30/06/2021,Karnataka,22712414,18973039,3739375
1/7/2021,Karnataka,22911665,19124712,3786953
2/7/2021,Karnataka,23152094,19293267,3858827
3/7/2021,Karnataka,23639206,19601804,4037402
4/7/2021,Karnataka,23790590,19703988,4086602
5/7/2021,Karnataka,24185562,19965810,4219752
6/7/2021,Karnataka,24477242,20169876,4307366
7/7/2021,Karnataka,,,
8/7/2021,Karnataka,,,
9/7/2021,Karnataka,,,
10/7/2021,Karnataka,,,
11/7/2021,Karnataka,,,
12/7/2021,Karnataka,,,
13/07/2021,Karnataka,,,
14/07/2021,Karnataka,,,
15/07/2021,Karnataka,,,
16/01/2021,Kerala,1681,1681,0
17/01/2021,Kerala,1836,1836,0
18/01/2021,Kerala,2566,2566,0
19/01/2021,Kerala,5355,5355,0
20/01/2021,Kerala,5398,5398,0
21/01/2021,Kerala,9175,9175,0
22/01/2021,Kerala,15501,15501,0
23/01/2021,Kerala,21944,21944,0
24/01/2021,Kerala,23324,23324,0
25/01/2021,Kerala,43561,43561,0
26/01/2021,Kerala,43766,43766,0
27/01/2021,Kerala,58323,58323,0
28/01/2021,Kerala,82794,82794,0
29/01/2021,Kerala,110719,110719,0
30/01/2021,Kerala,134225,134225,0
31/01/2021,Kerala,140906,140906,0
1/2/2021,Kerala,173482,173482,0
2/2/2021,Kerala,204449,204449,0
3/2/2021,Kerala,225664,225664,0
4/2/2021,Kerala,250831,250831,0
5/2/2021,Kerala,266068,266068,0
6/2/2021,Kerala,271731,271731,0
7/2/2021,Kerala,272221,272221,0
8/2/2021,Kerala,287787,287787,0
9/2/2021,Kerala,302655,302655,0
10/2/2021,Kerala,306802,306802,0
11/2/2021,Kerala,314425,314425,0
12/2/2021,Kerala,326974,326974,0
13/02/2021,Kerala,338167,338167,0
14/02/2021,Kerala,340452,340407,45
15/02/2021,Kerala,357263,353940,3323
16/02/2021,Kerala,382629,370481,12148
17/02/2021,Kerala,392764,377376,15388
18/02/2021,Kerala,401317,377981,23336
19/02/2021,Kerala,432564,400463,32101
20/02/2021,Kerala,445561,406728,38833
21/02/2021,Kerala,445939,407098,38841
22/02/2021,Kerala,469633,413599,56034
23/02/2021,Kerala,484753,422676,62077
24/02/2021,Kerala,501243,431070,70173
25/02/2021,Kerala,538367,449826,88541
26/02/2021,Kerala,593333,489113,104220
27/02/2021,Kerala,593333,489113,104220
28/02/2021,Kerala,593333,489113,104220
1/3/2021,Kerala,593333,489113,104220
2/3/2021,Kerala,653199,534490,118709
3/3/2021,Kerala,691858,564199,127659
4/3/2021,Kerala,774938,627900,147038
5/3/2021,Kerala,856197,689867,166330
6/3/2021,Kerala,943171,756016,187155
7/3/2021,Kerala,956327,767969,188358
8/3/2021,Kerala,1038770,829751,209019
9/3/2021,Kerala,918350,689979,228371
10/3/2021,Kerala,954881,714468,240413
11/3/2021,Kerala,992154,742190,249964
12/3/2021,Kerala,1077367,807213,270154
13/03/2021,Kerala,1123556,843361,280195
14/03/2021,Kerala,1127845,846852,280993
15/03/2021,Kerala,1213086,915549,297537
16/03/2021,Kerala,1500473,1188099,312374
17/03/2021,Kerala,2016703,1695387,321316
18/03/2021,Kerala,2165652,1832205,333447
19/03/2021,Kerala,2298455,1954868,343587
20/03/2021,Kerala,2418931,2066624,352307
21/03/2021,Kerala,2426827,2073902,352925
22/03/2021,Kerala,2564049,2203735,360314
23/03/2021,Kerala,2712712,2339164,373548
24/03/2021,Kerala,2776155,2398567,377588
25/03/2021,Kerala,2939242,2555550,383692
26/03/2021,Kerala,3070352,2682089,388263
27/03/2021,Kerala,3188068,2795930,392138
28/03/2021,Kerala,3199659,2807351,392308
29/03/2021,Kerala,3353041,2956227,396814
30/03/2021,Kerala,3510207,3106682,403525
31/03/2021,Kerala,3574857,3167015,407842
1/4/2021,Kerala,3653814,3242747,411067
2/4/2021,Kerala,3721899,3307374,414525
3/4/2021,Kerala,3838483,3416400,422083
4/4/2021,Kerala,3888331,3463563,424768
5/4/2021,Kerala,4005217,3573568,431649
6/4/2021,Kerala,4042344,3608126,434218
7/4/2021,Kerala,4140687,3698854,441833
8/4/2021,Kerala,4356948,3899533,457415
9/4/2021,Kerala,4575579,4099009,476570
10/4/2021,Kerala,4763750,4270854,492896
11/4/2021,Kerala,4830666,4333798,496868
12/4/2021,Kerala,5098015,4571524,526491
13/04/2021,Kerala,5267173,4714085,553088
14/04/2021,Kerala,5287486,4730173,557313
15/04/2021,Kerala,5496553,4899502,597051
16/04/2021,Kerala,5680114,5040807,639307
17/04/2021,Kerala,5832548,5158591,673957
18/04/2021,Kerala,5870232,5189796,680436
19/04/2021,Kerala,6026332,5299053,727279
20/04/2021,Kerala,6243615,5443386,800229
21/04/2021,Kerala,6353600,5512304,841296
22/04/2021,Kerala,6503034,5602945,900089
23/04/2021,Kerala,6628388,5673943,954445
24/04/2021,Kerala,6827755,5788568,1039187
25/04/2021,Kerala,6847075,5801281,1045794
26/04/2021,Kerala,6991118,5885170,1105948
27/04/2021,Kerala,7106942,5947361,1159581
28/04/2021,Kerala,7144083,5967887,1176196
29/04/2021,Kerala,7229177,6006391,1222786
30/04/2021,Kerala,7376934,6051350,1325584
1/5/2021,Kerala,7425416,6069726,1355690
2/5/2021,Kerala,7426176,6069760,1356416
3/5/2021,Kerala,7511454,6092349,1419105
4/5/2021,Kerala,7577304,6110419,1466885
5/5/2021,Kerala,7600484,6118358,1482126
6/5/2021,Kerala,7705285,6137985,1567300
7/5/2021,Kerala,7869269,6168780,1700489
8/5/2021,Kerala,7951983,6187280,1764703
9/5/2021,Kerala,7952556,6187652,1764904
10/5/2021,Kerala,8066700,6216882,1849818
11/5/2021,Kerala,8141289,6238776,1902513
12/5/2021,Kerala,8185506,6257014,1928492
13/05/2021,Kerala,8212961,6267551,1945410
14/05/2021,Kerala,8259812,6290354,1969458
15/05/2021,Kerala,8417840,6426197,1991643
16/05/2021,Kerala,8451480,6454137,1997343
17/05/2021,Kerala,8519852,6510777,2009075
18/05/2021,Kerala,8573567,6556628,2016939
19/05/2021,Kerala,8591102,6571984,2019118
20/05/2021,Kerala,8599407,6579668,2019739
21/05/2021,Kerala,8614950,6594479,2020471
22/05/2021,Kerala,8644281,6623765,2020516
23/05/2021,Kerala,8650237,6629725,2020512
24/05/2021,Kerala,8703631,6683003,2020628
25/05/2021,Kerala,8759506,6738751,2020755
26/05/2021,Kerala,8789981,6769136,2020845
27/05/2021,Kerala,8904096,6881450,2022646
28/05/2021,Kerala,9056314,7031363,2024951
29/05/2021,Kerala,9215371,7170607,2044764
30/05/2021,Kerala,9241456,7190905,2050551
31/05/2021,Kerala,9413723,7345141,2068582
1/6/2021,Kerala,9583560,7494522,2089038
2/6/2021,Kerala,9689249,7585560,2103689
3/6/2021,Kerala,9850288,7730989,2119299
4/6/2021,Kerala,10026627,7888884,2137743
5/6/2021,Kerala,10214963,8057972,2156991
6/6/2021,Kerala,10270131,8109567,2160564
7/6/2021,Kerala,10473049,8302066,2170983
8/6/2021,Kerala,10692008,8503125,2188883
9/6/2021,Kerala,10832105,8634128,2197977
10/6/2021,Kerala,10983039,8772285,2210754
11/6/2021,Kerala,11102819,8879020,2223799
12/6/2021,Kerala,11181355,8943648,2237707
13/06/2021,Kerala,11229829,8989689,2240140
14/06/2021,Kerala,11422135,9154064,2268071
15/06/2021,Kerala,11635416,9307169,2328247
16/06/2021,Kerala,11746936,9386066,2360870
17/06/2021,Kerala,11895426,9504983,2390443
18/06/2021,Kerala,11996311,9589345,2406966
19/06/2021,Kerala,12103202,9676904,2426298
20/06/2021,Kerala,12161549,9719116,2442433
21/06/2021,Kerala,12431202,9878112,2553090
22/06/2021,Kerala,12668936,10022247,2646689
23/06/2021,Kerala,12837481,10116957,2720524
24/06/2021,Kerala,13061640,10258975,2802665
25/06/2021,Kerala,13304025,10402196,2901829
26/06/2021,Kerala,13483338,10506089,2977249
27/06/2021,Kerala,13535878,10541450,2994428
28/06/2021,Kerala,13748651,10649612,3099039
29/06/2021,Kerala,13948645,10748505,3200140
30/06/2021,Kerala,14095726,10841514,3254212
1/7/2021,Kerala,14242696,10915717,3326979
2/7/2021,Kerala,14531577,11043945,3487632
3/7/2021,Kerala,14764538,11162817,3601721
4/7/2021,Kerala,14790452,11179952,3610500
5/7/2021,Kerala,14947001,11261270,3685731
6/7/2021,Kerala,15062316,11322761,3739555
7/7/2021,Kerala,,,
8/7/2021,Kerala,,,
9/7/2021,Kerala,,,
10/7/2021,Kerala,,,
11/7/2021,Kerala,,,
12/7/2021,Kerala,,,
13/07/2021,Kerala,,,
14/07/2021,Kerala,,,
15/07/2021,Kerala,,,
16/01/2021,Ladakh,9,9,0
17/01/2021,Ladakh,9,9,0
18/01/2021,Ladakh,64,64,0
19/01/2021,Ladakh,64,64,0
20/01/2021,Ladakh,66,66,0
21/01/2021,Ladakh,66,66,0
22/01/2021,Ladakh,164,164,0
23/01/2021,Ladakh,330,330,0
24/01/2021,Ladakh,337,337,0
25/01/2021,Ladakh,461,461,0
26/01/2021,Ladakh,461,461,0
27/01/2021,Ladakh,642,642,0
28/01/2021,Ladakh,652,652,0
29/01/2021,Ladakh,823,823,0
30/01/2021,Ladakh,959,959,0
31/01/2021,Ladakh,959,959,0
1/2/2021,Ladakh,1065,1065,0
2/2/2021,Ladakh,1065,1065,0
3/2/2021,Ladakh,1342,1342,0
4/2/2021,Ladakh,1342,1342,0
5/2/2021,Ladakh,1578,1578,0
6/2/2021,Ladakh,1817,1817,0
7/2/2021,Ladakh,1817,1817,0
8/2/2021,Ladakh,2064,2064,0
9/2/2021,Ladakh,2158,2158,0
10/2/2021,Ladakh,2379,2379,0
11/2/2021,Ladakh,2597,2597,0
12/2/2021,Ladakh,2695,2695,0
13/02/2021,Ladakh,2902,2831,71
14/02/2021,Ladakh,2902,2831,71
15/02/2021,Ladakh,3014,2887,127
16/02/2021,Ladakh,3602,3433,169
17/02/2021,Ladakh,4162,3931,231
18/02/2021,Ladakh,4572,4284,288
19/02/2021,Ladakh,5531,5175,356
20/02/2021,Ladakh,6383,5783,600
21/02/2021,Ladakh,6621,6021,600
22/02/2021,Ladakh,7460,6748,712
23/02/2021,Ladakh,8432,7719,713
24/02/2021,Ladakh,9243,8396,847
25/02/2021,Ladakh,9734,8887,847
26/02/2021,Ladakh,10341,9412,929
27/02/2021,Ladakh,10341,9412,929
28/02/2021,Ladakh,10341,9412,929
1/3/2021,Ladakh,10341,9412,929
2/3/2021,Ladakh,11130,9990,1140
3/3/2021,Ladakh,12205,10778,1427
4/3/2021,Ladakh,13048,11538,1510
5/3/2021,Ladakh,14139,12393,1746
6/3/2021,Ladakh,16365,14387,1978
7/3/2021,Ladakh,16365,14387,1978
8/3/2021,Ladakh,19096,16882,2214
9/3/2021,Ladakh,20455,18159,2296
10/3/2021,Ladakh,23584,21085,2499
11/3/2021,Ladakh,26595,23882,2713
12/3/2021,Ladakh,29215,26413,2802
13/03/2021,Ladakh,31815,28917,2898
14/03/2021,Ladakh,32385,29485,2900
15/03/2021,Ladakh,34683,31760,2923
16/03/2021,Ladakh,38926,35573,3353
17/03/2021,Ladakh,40726,37044,3682
18/03/2021,Ladakh,42033,37810,4223
19/03/2021,Ladakh,43189,38440,4749
20/03/2021,Ladakh,44169,38954,5215
21/03/2021,Ladakh,44234,39005,5229
22/03/2021,Ladakh,45135,39419,5716
23/03/2021,Ladakh,45814,39767,6047
24/03/2021,Ladakh,46093,39950,6143
25/03/2021,Ladakh,46261,40010,6251
26/03/2021,Ladakh,46461,40083,6378
27/03/2021,Ladakh,46590,40195,6395
28/03/2021,Ladakh,46589,40194,6395
29/03/2021,Ladakh,46588,40193,6395
30/03/2021,Ladakh,46645,40215,6430
31/03/2021,Ladakh,46872,40372,6500
1/4/2021,Ladakh,50362,43815,6547
2/4/2021,Ladakh,55631,49045,6586
3/4/2021,Ladakh,59338,52707,6631
4/4/2021,Ladakh,62214,55578,6636
5/4/2021,Ladakh,65089,58417,6672
6/4/2021,Ladakh,66613,59863,6750
7/4/2021,Ladakh,69391,62372,7019
8/4/2021,Ladakh,71259,63903,7356
9/4/2021,Ladakh,71960,64284,7676
10/4/2021,Ladakh,72431,64518,7913
11/4/2021,Ladakh,73397,65236,8161
12/4/2021,Ladakh,74608,66115,8493
13/04/2021,Ladakh,75319,66540,8779
14/04/2021,Ladakh,75905,66813,9092
15/04/2021,Ladakh,76470,66918,9552
16/04/2021,Ladakh,76968,67005,9963
17/04/2021,Ladakh,77819,67157,10662
18/04/2021,Ladakh,77857,67185,10672
19/04/2021,Ladakh,80595,67732,12863
20/04/2021,Ladakh,84637,68954,15683
21/04/2021,Ladakh,88412,69995,18417
22/04/2021,Ladakh,91310,70599,20711
23/04/2021,Ladakh,94316,71353,22963
24/04/2021,Ladakh,96539,71714,24825
25/04/2021,Ladakh,96956,71734,25222
26/04/2021,Ladakh,100903,72754,28149
27/04/2021,Ladakh,103717,73508,30209
28/04/2021,Ladakh,105808,73967,31841
29/04/2021,Ladakh,107405,74391,33014
30/04/2021,Ladakh,108166,74571,33595
1/5/2021,Ladakh,109442,74984,34458
2/5/2021,Ladakh,109696,75065,34631
3/5/2021,Ladakh,111070,75744,35326
4/5/2021,Ladakh,112903,77322,35581
5/5/2021,Ladakh,115161,79276,35885
6/5/2021,Ladakh,117233,81061,36172
7/5/2021,Ladakh,118299,81960,36339
8/5/2021,Ladakh,119520,83032,36488
9/5/2021,Ladakh,119661,83169,36492
10/5/2021,Ladakh,120835,84093,36742
11/5/2021,Ladakh,121529,84630,36899
12/5/2021,Ladakh,122218,85240,36978
13/05/2021,Ladakh,122800,85688,37112
14/05/2021,Ladakh,122800,85688,37112
15/05/2021,Ladakh,123897,86645,37252
16/05/2021,Ladakh,123897,86645,37252
17/05/2021,Ladakh,124756,87501,37255
18/05/2021,Ladakh,125747,88488,37259
19/05/2021,Ladakh,126974,89715,37259
20/05/2021,Ladakh,128323,91064,37259
21/05/2021,Ladakh,130332,93073,37259
22/05/2021,Ladakh,132064,94805,37259
23/05/2021,Ladakh,132137,94878,37259
24/05/2021,Ladakh,134067,96802,37265
25/05/2021,Ladakh,136294,99028,37266
26/05/2021,Ladakh,138454,101188,37266
27/05/2021,Ladakh,144321,107044,37277
28/05/2021,Ladakh,150092,112814,37278
29/05/2021,Ladakh,154115,116836,37279
30/05/2021,Ladakh,154135,116856,37279
31/05/2021,Ladakh,159496,122206,37290
1/6/2021,Ladakh,164155,126864,37291
2/6/2021,Ladakh,167934,130639,37295
3/6/2021,Ladakh,171395,134095,37300
4/6/2021,Ladakh,174899,137598,37301
5/6/2021,Ladakh,177678,140366,37312
6/6/2021,Ladakh,177681,140369,37312
7/6/2021,Ladakh,180269,142943,37326
8/6/2021,Ladakh,181714,144376,37338
9/6/2021,Ladakh,183376,146030,37346
10/6/2021,Ladakh,185674,148313,37361
11/6/2021,Ladakh,189143,151780,37363
12/6/2021,Ladakh,191063,153682,37381
13/06/2021,Ladakh,191066,153685,37381
14/06/2021,Ladakh,192431,155038,37393
15/06/2021,Ladakh,193330,155927,37403
16/06/2021,Ladakh,194501,157081,37420
17/06/2021,Ladakh,196717,159275,37442
18/06/2021,Ladakh,198155,160703,37452
19/06/2021,Ladakh,199286,161809,37477
20/06/2021,Ladakh,199286,161809,37477
21/06/2021,Ladakh,200706,163217,37489
22/06/2021,Ladakh,202329,164799,37530
23/06/2021,Ladakh,203725,166167,37558
24/06/2021,Ladakh,206992,167571,39421
25/06/2021,Ladakh,211520,168168,43352
26/06/2021,Ladakh,215964,168671,47293
27/06/2021,Ladakh,216616,168691,47925
28/06/2021,Ladakh,220989,169421,51568
29/06/2021,Ladakh,224630,170297,54333
30/06/2021,Ladakh,226801,170900,55901
1/7/2021,Ladakh,228809,171439,57370
2/7/2021,Ladakh,230087,172099,57988
3/7/2021,Ladakh,232133,173803,58330
4/7/2021,Ladakh,232795,174447,58348
5/7/2021,Ladakh,235427,176300,59127
6/7/2021,Ladakh,237455,177760,59695
7/7/2021,Ladakh,,,
8/7/2021,Ladakh,,,
9/7/2021,Ladakh,,,
10/7/2021,Ladakh,,,
11/7/2021,Ladakh,,,
12/7/2021,Ladakh,,,
13/07/2021,Ladakh,,,
14/07/2021,Ladakh,,,
15/07/2021,Ladakh,,,
16/01/2021,Lakshadweep,16,16,0
17/01/2021,Lakshadweep,17,17,0
18/01/2021,Lakshadweep,237,237,0
19/01/2021,Lakshadweep,622,622,0
20/01/2021,Lakshadweep,629,629,0
21/01/2021,Lakshadweep,724,724,0
22/01/2021,Lakshadweep,734,734,0
23/01/2021,Lakshadweep,734,734,0
24/01/2021,Lakshadweep,749,749,0
25/01/2021,Lakshadweep,752,752,0
26/01/2021,Lakshadweep,752,752,0
27/01/2021,Lakshadweep,765,765,0
28/01/2021,Lakshadweep,790,790,0
29/01/2021,Lakshadweep,807,807,0
30/01/2021,Lakshadweep,807,807,0
31/01/2021,Lakshadweep,807,807,0
1/2/2021,Lakshadweep,807,807,0
2/2/2021,Lakshadweep,807,807,0
3/2/2021,Lakshadweep,807,807,0
4/2/2021,Lakshadweep,807,807,0
5/2/2021,Lakshadweep,825,825,0
6/2/2021,Lakshadweep,833,833,0
7/2/2021,Lakshadweep,833,833,0
8/2/2021,Lakshadweep,839,839,0
9/2/2021,Lakshadweep,869,869,0
10/2/2021,Lakshadweep,1312,1312,0
11/2/2021,Lakshadweep,1344,1344,0
12/2/2021,Lakshadweep,1575,1575,0
13/02/2021,Lakshadweep,1575,1575,0
14/02/2021,Lakshadweep,1575,1575,0
15/02/2021,Lakshadweep,1575,1575,0
16/02/2021,Lakshadweep,1613,1594,19
17/02/2021,Lakshadweep,1613,1594,19
18/02/2021,Lakshadweep,1674,1623,51
19/02/2021,Lakshadweep,1770,1689,81
20/02/2021,Lakshadweep,1770,1689,81
21/02/2021,Lakshadweep,1770,1689,81
22/02/2021,Lakshadweep,1830,1748,82
23/02/2021,Lakshadweep,1877,1771,106
24/02/2021,Lakshadweep,1902,1796,106
25/02/2021,Lakshadweep,1929,1822,107
26/02/2021,Lakshadweep,1931,1824,107
27/02/2021,Lakshadweep,1931,1824,107
28/02/2021,Lakshadweep,1931,1824,107
1/3/2021,Lakshadweep,1931,1824,107
2/3/2021,Lakshadweep,1931,1824,107
3/3/2021,Lakshadweep,1931,1824,107
4/3/2021,Lakshadweep,1931,1824,107
5/3/2021,Lakshadweep,1982,1856,126
6/3/2021,Lakshadweep,2078,1939,139
7/3/2021,Lakshadweep,2078,1939,139
8/3/2021,Lakshadweep,2310,2121,189
9/3/2021,Lakshadweep,1667,1452,215
10/3/2021,Lakshadweep,1854,1535,319
11/3/2021,Lakshadweep,2056,1589,467
12/3/2021,Lakshadweep,2275,1605,670
13/03/2021,Lakshadweep,2510,1657,853
14/03/2021,Lakshadweep,2541,1659,882
15/03/2021,Lakshadweep,2717,1727,990
16/03/2021,Lakshadweep,3860,2753,1107
17/03/2021,Lakshadweep,4555,3420,1135
18/03/2021,Lakshadweep,4904,3617,1287
19/03/2021,Lakshadweep,5088,3735,1353
20/03/2021,Lakshadweep,5387,3915,1472
21/03/2021,Lakshadweep,5394,3920,1474
22/03/2021,Lakshadweep,5521,4018,1503
23/03/2021,Lakshadweep,5707,4145,1562
24/03/2021,Lakshadweep,5826,4233,1593
25/03/2021,Lakshadweep,5901,4277,1624
26/03/2021,Lakshadweep,6053,4405,1648
27/03/2021,Lakshadweep,6266,4601,1665
28/03/2021,Lakshadweep,6333,4653,1680
29/03/2021,Lakshadweep,6333,4653,1680
30/03/2021,Lakshadweep,6552,4804,1748
31/03/2021,Lakshadweep,6824,5034,1790
1/4/2021,Lakshadweep,6953,5156,1797
2/4/2021,Lakshadweep,7168,5365,1803
3/4/2021,Lakshadweep,7399,5578,1821
4/4/2021,Lakshadweep,7746,5912,1834
5/4/2021,Lakshadweep,7993,6130,1863
6/4/2021,Lakshadweep,8434,6501,1933
7/4/2021,Lakshadweep,9484,7379,2105
8/4/2021,Lakshadweep,10621,8312,2309
9/4/2021,Lakshadweep,11527,9063,2464
10/4/2021,Lakshadweep,12707,10150,2557
11/4/2021,Lakshadweep,13223,10630,2593
12/4/2021,Lakshadweep,13791,11139,2652
13/04/2021,Lakshadweep,14389,11691,2698
14/04/2021,Lakshadweep,15275,12470,2805
15/04/2021,Lakshadweep,16053,13174,2879
16/04/2021,Lakshadweep,16446,13529,2917
17/04/2021,Lakshadweep,17145,14161,2984
18/04/2021,Lakshadweep,18013,14933,3080
19/04/2021,Lakshadweep,18439,15300,3139
20/04/2021,Lakshadweep,18894,15609,3285
21/04/2021,Lakshadweep,19750,16225,3525
22/04/2021,Lakshadweep,20140,16523,3617
23/04/2021,Lakshadweep,20544,16836,3708
24/04/2021,Lakshadweep,21022,17253,3769
25/04/2021,Lakshadweep,21363,17538,3825
26/04/2021,Lakshadweep,21732,17843,3889
27/04/2021,Lakshadweep,21928,17998,3930
28/04/2021,Lakshadweep,22090,18120,3970
29/04/2021,Lakshadweep,22410,18386,4024
30/04/2021,Lakshadweep,23024,18888,4136
1/5/2021,Lakshadweep,23444,19170,4274
2/5/2021,Lakshadweep,23634,19319,4315
3/5/2021,Lakshadweep,23908,19460,4448
4/5/2021,Lakshadweep,24226,19666,4560
5/5/2021,Lakshadweep,24766,19872,4894
6/5/2021,Lakshadweep,25040,19986,5054
7/5/2021,Lakshadweep,25396,20131,5265
8/5/2021,Lakshadweep,25693,20240,5453
9/5/2021,Lakshadweep,25943,20307,5636
10/5/2021,Lakshadweep,26489,20513,5976
11/5/2021,Lakshadweep,27372,20885,6487
12/5/2021,Lakshadweep,28102,21348,6754
13/05/2021,Lakshadweep,28229,21428,6801
14/05/2021,Lakshadweep,28241,21440,6801
15/05/2021,Lakshadweep,28258,21452,6806
16/05/2021,Lakshadweep,28282,21472,6810
17/05/2021,Lakshadweep,28390,21562,6828
18/05/2021,Lakshadweep,28703,21866,6837
19/05/2021,Lakshadweep,28943,22086,6857
20/05/2021,Lakshadweep,29039,22167,6872
21/05/2021,Lakshadweep,29532,22620,6912
22/05/2021,Lakshadweep,30027,23106,6921
23/05/2021,Lakshadweep,30955,24029,6926
24/05/2021,Lakshadweep,31277,24344,6933
25/05/2021,Lakshadweep,31319,24384,6935
26/05/2021,Lakshadweep,31381,24446,6935
27/05/2021,Lakshadweep,31425,24487,6938
28/05/2021,Lakshadweep,31668,24727,6941
29/05/2021,Lakshadweep,32136,25192,6944
30/05/2021,Lakshadweep,32818,25870,6948
31/05/2021,Lakshadweep,33636,26687,6949
1/6/2021,Lakshadweep,34439,27489,6950
2/6/2021,Lakshadweep,35167,28215,6952
3/6/2021,Lakshadweep,36206,29251,6955
4/6/2021,Lakshadweep,37342,30378,6964
5/6/2021,Lakshadweep,38294,31322,6972
6/6/2021,Lakshadweep,39071,32096,6975
7/6/2021,Lakshadweep,40301,33318,6983
8/6/2021,Lakshadweep,41455,34466,6989
9/6/2021,Lakshadweep,42665,35632,7033
10/6/2021,Lakshadweep,43565,36523,7042
11/6/2021,Lakshadweep,44754,37701,7053
12/6/2021,Lakshadweep,46083,39006,7077
13/06/2021,Lakshadweep,46809,39722,7087
14/06/2021,Lakshadweep,47816,40722,7094
15/06/2021,Lakshadweep,48599,41486,7113
16/06/2021,Lakshadweep,49904,42783,7121
17/06/2021,Lakshadweep,50334,43210,7124
18/06/2021,Lakshadweep,50773,43642,7131
19/06/2021,Lakshadweep,51284,44126,7158
20/06/2021,Lakshadweep,51507,44347,7160
21/06/2021,Lakshadweep,52001,44826,7175
22/06/2021,Lakshadweep,52459,45234,7225
23/06/2021,Lakshadweep,52829,45566,7263
24/06/2021,Lakshadweep,53150,45834,7316
25/06/2021,Lakshadweep,53433,46057,7376
26/06/2021,Lakshadweep,53736,46253,7483
27/06/2021,Lakshadweep,53855,46340,7515
28/06/2021,Lakshadweep,54138,46494,7644
29/06/2021,Lakshadweep,54662,46750,7912
30/06/2021,Lakshadweep,54700,46779,7921
1/7/2021,Lakshadweep,54928,46901,8027
2/7/2021,Lakshadweep,55294,47042,8252
3/7/2021,Lakshadweep,55632,47084,8548
4/7/2021,Lakshadweep,55674,47084,8590
5/7/2021,Lakshadweep,56206,47243,8963
6/7/2021,Lakshadweep,56755,47468,9287
7/7/2021,Lakshadweep,,,
8/7/2021,Lakshadweep,,,
9/7/2021,Lakshadweep,,,
10/7/2021,Lakshadweep,,,
11/7/2021,Lakshadweep,,,
12/7/2021,Lakshadweep,,,
13/07/2021,Lakshadweep,,,
14/07/2021,Lakshadweep,,,
15/07/2021,Lakshadweep,,,
16/01/2021,Madhya Pradesh,9435,9435,0
17/01/2021,Madhya Pradesh,9435,9435,0
18/01/2021,Madhya Pradesh,15934,15934,0
19/01/2021,Madhya Pradesh,18409,18409,0
20/01/2021,Madhya Pradesh,27769,27769,0
21/01/2021,Madhya Pradesh,38425,38425,0
22/01/2021,Madhya Pradesh,38425,38425,0
23/01/2021,Madhya Pradesh,38428,38428,0
24/01/2021,Madhya Pradesh,38430,38430,0
25/01/2021,Madhya Pradesh,66875,66875,0
26/01/2021,Madhya Pradesh,66877,66877,0
27/01/2021,Madhya Pradesh,131099,131099,0
28/01/2021,Madhya Pradesh,192628,192628,0
29/01/2021,Madhya Pradesh,234631,234631,0
30/01/2021,Madhya Pradesh,284782,284782,0
31/01/2021,Madhya Pradesh,285481,285481,0
1/2/2021,Madhya Pradesh,286538,286538,0
2/2/2021,Madhya Pradesh,286868,286868,0
3/2/2021,Madhya Pradesh,319623,319623,0
4/2/2021,Madhya Pradesh,329571,329571,0
5/2/2021,Madhya Pradesh,331316,331316,0
6/2/2021,Madhya Pradesh,332832,332832,0
7/2/2021,Madhya Pradesh,333677,333677,0
8/2/2021,Madhya Pradesh,369141,369141,0
9/2/2021,Madhya Pradesh,373504,373504,0
10/2/2021,Madhya Pradesh,427715,427715,0
11/2/2021,Madhya Pradesh,482095,482095,0
12/2/2021,Madhya Pradesh,519589,519589,0
13/02/2021,Madhya Pradesh,548275,548272,3
14/02/2021,Madhya Pradesh,548469,548466,3
15/02/2021,Madhya Pradesh,565957,565952,5
16/02/2021,Madhya Pradesh,567591,567586,5
17/02/2021,Madhya Pradesh,587658,587652,6
18/02/2021,Madhya Pradesh,598328,598319,9
19/02/2021,Madhya Pradesh,616805,616782,23
20/02/2021,Madhya Pradesh,635446,631637,3809
21/02/2021,Madhya Pradesh,636057,632248,3809
22/02/2021,Madhya Pradesh,666759,635089,31670
23/02/2021,Madhya Pradesh,668773,636139,32634
24/02/2021,Madhya Pradesh,716682,639425,77257
25/02/2021,Madhya Pradesh,773228,642871,130357
26/02/2021,Madhya Pradesh,804378,644716,159662
27/02/2021,Madhya Pradesh,804378,644716,159662
28/02/2021,Madhya Pradesh,804378,644716,159662
1/3/2021,Madhya Pradesh,804378,644716,159662
2/3/2021,Madhya Pradesh,846487,664726,181761
3/3/2021,Madhya Pradesh,908051,706334,201717
4/3/2021,Madhya Pradesh,970531,754152,216379
5/3/2021,Madhya Pradesh,978701,760376,218325
6/3/2021,Madhya Pradesh,1049846,817810,232036
7/3/2021,Madhya Pradesh,1052103,819884,232219
8/3/2021,Madhya Pradesh,1123372,878269,245103
9/3/2021,Madhya Pradesh,894175,648495,245680
10/3/2021,Madhya Pradesh,982005,703816,278189
11/3/2021,Madhya Pradesh,983629,704997,278632
12/3/2021,Madhya Pradesh,989013,708872,280141
13/03/2021,Madhya Pradesh,1147591,812922,334669
14/03/2021,Madhya Pradesh,1149813,814865,334948
15/03/2021,Madhya Pradesh,1311000,935527,375473
16/03/2021,Madhya Pradesh,1582017,1204532,377485
17/03/2021,Madhya Pradesh,1894779,1483101,411678
18/03/2021,Madhya Pradesh,2061982,1630087,431895
19/03/2021,Madhya Pradesh,2082196,1648828,433368
20/03/2021,Madhya Pradesh,2392868,1936427,456441
21/03/2021,Madhya Pradesh,2447794,1988398,459396
22/03/2021,Madhya Pradesh,2645609,2173688,471921
23/03/2021,Madhya Pradesh,2709136,2233935,475201
24/03/2021,Madhya Pradesh,2970294,2484618,485676
25/03/2021,Madhya Pradesh,3117583,2625418,492165
26/03/2021,Madhya Pradesh,3124997,2632468,492529
27/03/2021,Madhya Pradesh,3235027,2737954,497073
28/03/2021,Madhya Pradesh,3238287,2740984,497303
29/03/2021,Madhya Pradesh,3238300,2740995,497305
30/03/2021,Madhya Pradesh,3241368,2743883,497485
31/03/2021,Madhya Pradesh,3399721,2890848,508873
1/4/2021,Madhya Pradesh,3632471,3115146,517325
2/4/2021,Madhya Pradesh,3871927,3346831,525096
3/4/2021,Madhya Pradesh,4043380,3510799,532581
4/4/2021,Madhya Pradesh,4214544,3675945,538599
5/4/2021,Madhya Pradesh,4376033,3831368,544665
6/4/2021,Madhya Pradesh,4528210,3977455,550755
7/4/2021,Madhya Pradesh,4902462,4334898,567564
8/4/2021,Madhya Pradesh,5233168,4649680,583488
9/4/2021,Madhya Pradesh,5361979,4770269,591710
10/4/2021,Madhya Pradesh,5464925,4866494,598431
11/4/2021,Madhya Pradesh,5837149,5222120,615029
12/4/2021,Madhya Pradesh,6244525,5603174,641351
13/04/2021,Madhya Pradesh,6558169,5899933,658236
14/04/2021,Madhya Pradesh,6886916,6202259,684657
15/04/2021,Madhya Pradesh,7057160,6348519,708641
16/04/2021,Madhya Pradesh,7115632,6392872,722760
17/04/2021,Madhya Pradesh,7304172,6546917,757255
18/04/2021,Madhya Pradesh,7329797,6566352,763445
19/04/2021,Madhya Pradesh,7506383,6700964,805419
20/04/2021,Madhya Pradesh,7542919,6725608,817311
21/04/2021,Madhya Pradesh,7566279,6737838,828441
22/04/2021,Madhya Pradesh,7736804,6850130,886674
23/04/2021,Madhya Pradesh,7774354,6871962,902392
24/04/2021,Madhya Pradesh,7895385,6942784,952601
25/04/2021,Madhya Pradesh,7908711,6949787,958924
26/04/2021,Madhya Pradesh,7991537,6988355,1003182
27/04/2021,Madhya Pradesh,8010474,6996487,1013987
28/04/2021,Madhya Pradesh,8071696,7020074,1051622
29/04/2021,Madhya Pradesh,8077002,7022419,1054583
30/04/2021,Madhya Pradesh,8079538,7023042,1056496
1/5/2021,Madhya Pradesh,8147203,7043286,1103917
2/5/2021,Madhya Pradesh,8154964,7046019,1108945
3/5/2021,Madhya Pradesh,8228404,7065585,1162819
4/5/2021,Madhya Pradesh,8249533,7071530,1178003
5/5/2021,Madhya Pradesh,8380264,7110730,1269534
6/5/2021,Madhya Pradesh,8490151,7146019,1344132
7/5/2021,Madhya Pradesh,8508272,7151755,1356517
8/5/2021,Madhya Pradesh,8634077,7201637,1432440
9/5/2021,Madhya Pradesh,8636212,7202462,1433750
10/5/2021,Madhya Pradesh,8765843,7251862,1513981
11/5/2021,Madhya Pradesh,8785173,7256989,1528184
12/5/2021,Madhya Pradesh,8923121,7335386,1587735
13/05/2021,Madhya Pradesh,9034702,7402933,1631769
14/05/2021,Madhya Pradesh,9037120,7403682,1633438
15/05/2021,Madhya Pradesh,9163547,7472841,1690706
16/05/2021,Madhya Pradesh,9164574,7473284,1691290
17/05/2021,Madhya Pradesh,9258467,7547349,1711118
18/05/2021,Madhya Pradesh,9264811,7551243,1713568
19/05/2021,Madhya Pradesh,9405542,7678925,1726617
20/05/2021,Madhya Pradesh,9534535,7798981,1735554
21/05/2021,Madhya Pradesh,9633945,7890673,1743272
22/05/2021,Madhya Pradesh,9780866,8027748,1753118
23/05/2021,Madhya Pradesh,9951903,8197098,1754805
24/05/2021,Madhya Pradesh,10169757,8407255,1762502
25/05/2021,Madhya Pradesh,10176369,8412889,1763480
26/05/2021,Madhya Pradesh,10178601,8415023,1763578
27/05/2021,Madhya Pradesh,10408718,8636592,1772126
28/05/2021,Madhya Pradesh,10632295,8854635,1777660
29/05/2021,Madhya Pradesh,10882668,9098436,1784232
30/05/2021,Madhya Pradesh,10899947,9115504,1784443
31/05/2021,Madhya Pradesh,11170319,9378050,1792269
1/6/2021,Madhya Pradesh,11188263,9394692,1793571
2/6/2021,Madhya Pradesh,11481427,9680087,1801340
3/6/2021,Madhya Pradesh,11853494,10041226,1812268
4/6/2021,Madhya Pradesh,12217489,10399189,1818300
5/6/2021,Madhya Pradesh,12629509,10796888,1832621
6/6/2021,Madhya Pradesh,12759138,10923948,1835190
7/6/2021,Madhya Pradesh,13151267,11299196,1852071
8/6/2021,Madhya Pradesh,13217372,11361743,1855629
9/6/2021,Madhya Pradesh,13584232,11708227,1876005
10/6/2021,Madhya Pradesh,13769115,11877371,1891744
11/6/2021,Madhya Pradesh,13796834,11899138,1897696
12/6/2021,Madhya Pradesh,13897841,11956103,1941738
13/06/2021,Madhya Pradesh,13943751,11992799,1950952
14/06/2021,Madhya Pradesh,14443636,12452440,1991196
15/06/2021,Madhya Pradesh,14495499,12497943,1997556
16/06/2021,Madhya Pradesh,14840484,12815277,2025207
17/06/2021,Madhya Pradesh,14975268,12934175,2041093
18/06/2021,Madhya Pradesh,14994833,12950585,2044248
19/06/2021,Madhya Pradesh,15018743,12964134,2054609
20/06/2021,Madhya Pradesh,15019817,12965037,2054780
21/06/2021,Madhya Pradesh,16733198,14594389,2138809
22/06/2021,Madhya Pradesh,16803173,14660585,2142588
23/06/2021,Madhya Pradesh,17978981,15775623,2203358
24/06/2021,Madhya Pradesh,18769872,16512594,2257278
25/06/2021,Madhya Pradesh,18801044,16543406,2257638
26/06/2021,Madhya Pradesh,19801236,17444479,2356757
27/06/2021,Madhya Pradesh,19826706,17466782,2359924
28/06/2021,Madhya Pradesh,20289692,17897347,2392345
29/06/2021,Madhya Pradesh,20303352,17909367,2393985
30/06/2021,Madhya Pradesh,20314158,17917782,2396376
1/7/2021,Madhya Pradesh,21302275,18757527,2544748
2/7/2021,Madhya Pradesh,21326909,18778322,2548587
3/7/2021,Madhya Pradesh,21594951,18782476,2812475
4/7/2021,Madhya Pradesh,21602436,18783420,2819016
5/7/2021,Madhya Pradesh,22016213,18788825,3227388
6/7/2021,Madhya Pradesh,22028495,18792034,3236461
7/7/2021,Madhya Pradesh,,,
8/7/2021,Madhya Pradesh,,,
9/7/2021,Madhya Pradesh,,,
10/7/2021,Madhya Pradesh,,,
11/7/2021,Madhya Pradesh,,,
12/7/2021,Madhya Pradesh,,,
13/07/2021,Madhya Pradesh,,,
14/07/2021,Madhya Pradesh,,,
15/07/2021,Madhya Pradesh,,,
16/01/2021,Maharashtra,5726,5726,0
17/01/2021,Maharashtra,6521,6521,0
18/01/2021,Maharashtra,6151,6151,0
19/01/2021,Maharashtra,13699,13699,0
20/01/2021,Maharashtra,23880,23880,0
21/01/2021,Maharashtra,24148,24148,0
22/01/2021,Maharashtra,44369,44369,0
23/01/2021,Maharashtra,69295,69295,0
24/01/2021,Maharashtra,70196,70196,0
25/01/2021,Maharashtra,107073,107073,0
26/01/2021,Maharashtra,107338,107338,0
27/01/2021,Maharashtra,150102,150102,0
28/01/2021,Maharashtra,189743,189743,0
29/01/2021,Maharashtra,225132,225132,0
30/01/2021,Maharashtra,233693,233693,0
31/01/2021,Maharashtra,234150,234150,0
1/2/2021,Maharashtra,275348,275348,0
2/2/2021,Maharashtra,284107,284107,0
3/2/2021,Maharashtra,318918,318918,0
4/2/2021,Maharashtra,352676,352676,0
5/2/2021,Maharashtra,397889,397889,0
6/2/2021,Maharashtra,436229,436229,0
7/2/2021,Maharashtra,436400,436400,0
8/2/2021,Maharashtra,475193,475193,0
9/2/2021,Maharashtra,503757,503757,0
10/2/2021,Maharashtra,544726,544726,0
11/2/2021,Maharashtra,579241,579241,0
12/2/2021,Maharashtra,620539,620539,0
13/02/2021,Maharashtra,652971,652801,170
14/02/2021,Maharashtra,653305,653135,170
15/02/2021,Maharashtra,687137,682610,4527
16/02/2021,Maharashtra,719944,711043,8901
17/02/2021,Maharashtra,768695,752088,16607
18/02/2021,Maharashtra,810906,787086,23820
19/02/2021,Maharashtra,853374,825846,27528
20/02/2021,Maharashtra,913658,868244,45414
21/02/2021,Maharashtra,917962,871567,46395
22/02/2021,Maharashtra,975061,907200,67861
23/02/2021,Maharashtra,1017414,938078,79336
24/02/2021,Maharashtra,1073789,969314,104475
25/02/2021,Maharashtra,1128081,997308,130773
26/02/2021,Maharashtra,1187018,1028360,158658
27/02/2021,Maharashtra,1187023,1028365,158658
28/02/2021,Maharashtra,1187178,1028520,158658
1/3/2021,Maharashtra,1187178,1028520,158658
2/3/2021,Maharashtra,1251419,1071612,179807
3/3/2021,Maharashtra,1317336,1119835,197501
4/3/2021,Maharashtra,1387989,1174258,213731
5/3/2021,Maharashtra,1479034,1244617,234417
6/3/2021,Maharashtra,1584841,1325264,259577
7/3/2021,Maharashtra,1591448,1331000,260448
8/3/2021,Maharashtra,1739823,1454112,285711
9/3/2021,Maharashtra,1572965,1267076,305889
10/3/2021,Maharashtra,1749221,1410564,338657
11/3/2021,Maharashtra,1804254,1455521,348733
12/3/2021,Maharashtra,1996304,1612991,383313
13/03/2021,Maharashtra,2125486,1713932,411554
14/03/2021,Maharashtra,2132670,1720591,412079
15/03/2021,Maharashtra,2342873,1898597,444276
16/03/2021,Maharashtra,2785457,2316957,468500
17/03/2021,Maharashtra,3729963,3229723,500240
18/03/2021,Maharashtra,3933965,3408977,524988
19/03/2021,Maharashtra,4178758,3622709,556049
20/03/2021,Maharashtra,4404844,3815920,588924
21/03/2021,Maharashtra,4440954,3847301,593653
22/03/2021,Maharashtra,4682864,4060919,621945
23/03/2021,Maharashtra,4911726,4262362,649364
24/03/2021,Maharashtra,5164217,4494807,669410
25/03/2021,Maharashtra,5386656,4701964,684692
26/03/2021,Maharashtra,5648523,4944116,704407
27/03/2021,Maharashtra,5881573,5163746,717827
28/03/2021,Maharashtra,5902265,5183711,718554
29/03/2021,Maharashtra,5956802,5235606,721196
30/03/2021,Maharashtra,6156334,5421876,734458
31/03/2021,Maharashtra,6370261,5618555,751706
1/4/2021,Maharashtra,6596079,5833743,762336
2/4/2021,Maharashtra,6960404,6182629,777775
3/4/2021,Maharashtra,7288572,6496037,792535
4/4/2021,Maharashtra,7647126,6841397,805729
5/4/2021,Maharashtra,7989165,7167016,822149
6/4/2021,Maharashtra,8257040,7421245,835795
7/4/2021,Maharashtra,8856664,7988151,868513
8/4/2021,Maharashtra,9337790,8434286,903504
9/4/2021,Maharashtra,9632399,8702273,930126
10/4/2021,Maharashtra,9923253,8969876,953377
11/4/2021,Maharashtra,10191896,9220161,971735
12/4/2021,Maharashtra,10528419,9519815,1008604
13/04/2021,Maharashtra,10753451,9717561,1035890
14/04/2021,Maharashtra,11124975,10038913,1086062
15/04/2021,Maharashtra,11511023,10356338,1154685
16/04/2021,Maharashtra,11885830,10658902,1226928
17/04/2021,Maharashtra,12138971,10849828,1289143
18/04/2021,Maharashtra,12273763,10959390,1314373
19/04/2021,Maharashtra,12649330,11240031,1409299
20/04/2021,Maharashtra,12944719,11447258,1497461
21/04/2021,Maharashtra,13279389,11691829,1587560
22/04/2021,Maharashtra,13673833,11966150,1707683
23/04/2021,Maharashtra,13999938,12184886,1815052
24/04/2021,Maharashtra,14229977,12326873,1903104
25/04/2021,Maharashtra,14342185,12404273,1937912
26/04/2021,Maharashtra,14905825,12768316,2137509
27/04/2021,Maharashtra,15321730,13030894,2290836
28/04/2021,Maharashtra,15577636,13184469,2393167
29/04/2021,Maharashtra,15870448,13360080,2510368
30/04/2021,Maharashtra,16183847,13561437,2622410
1/5/2021,Maharashtra,16292753,13637082,2655671
2/5/2021,Maharashtra,16342814,13677591,2665223
3/5/2021,Maharashtra,16425887,13739753,2686134
4/5/2021,Maharashtra,16528345,13799328,2729017
5/5/2021,Maharashtra,16802255,13935541,2866714
6/5/2021,Maharashtra,17296109,14214775,3081334
7/5/2021,Maharashtra,17693374,14458039,3235335
8/5/2021,Maharashtra,17947420,14628881,3318539
9/5/2021,Maharashtra,18063345,14712246,3351099
10/5/2021,Maharashtra,18380699,14888694,3492005
11/5/2021,Maharashtra,18793256,15144171,3649085
12/5/2021,Maharashtra,19139375,15322754,3816621
13/05/2021,Maharashtra,19530640,15499282,4031358
14/05/2021,Maharashtra,19703138,15571915,4131223
15/05/2021,Maharashtra,19912961,15706411,4206550
16/05/2021,Maharashtra,19985484,15756833,4228651
17/05/2021,Maharashtra,20090425,15833287,4257138
18/05/2021,Maharashtra,20201111,15923242,4277869
19/05/2021,Maharashtra,20305921,16000236,4305685
20/05/2021,Maharashtra,20469090,16125493,4343597
21/05/2021,Maharashtra,20594537,16228164,4366373
22/05/2021,Maharashtra,20721982,16334126,4387856
23/05/2021,Maharashtra,20764364,16372676,4391688
24/05/2021,Maharashtra,21017944,16609722,4408222
25/05/2021,Maharashtra,21218705,16796171,4422534
26/05/2021,Maharashtra,21357076,16923391,4433685
27/05/2021,Maharashtra,21646104,17185317,4460787
28/05/2021,Maharashtra,21922389,17435219,4487170
29/05/2021,Maharashtra,22230988,17709573,4521415
30/05/2021,Maharashtra,22319656,17787436,4532220
31/05/2021,Maharashtra,22586620,18016877,4569743
1/6/2021,Maharashtra,22850264,18233839,4616425
2/6/2021,Maharashtra,23077246,18425383,4651863
3/6/2021,Maharashtra,23302845,18623132,4679713
4/6/2021,Maharashtra,23687499,18959397,4728102
5/6/2021,Maharashtra,24049547,19278027,4771520
6/6/2021,Maharashtra,24145432,19360252,4785180
7/6/2021,Maharashtra,24450364,19597498,4852866
8/6/2021,Maharashtra,24728789,19794750,4934039
9/6/2021,Maharashtra,25042464,20032402,5010062
10/6/2021,Maharashtra,25300779,20232933,5067846
11/6/2021,Maharashtra,25560781,20443246,5117535
12/6/2021,Maharashtra,25866677,20693716,5172961
13/06/2021,Maharashtra,25958370,20775032,5183338
14/06/2021,Maharashtra,26263095,21027493,5235602
15/06/2021,Maharashtra,26524389,21239855,5284534
16/06/2021,Maharashtra,26774547,21442311,5332236
17/06/2021,Maharashtra,26985938,21609227,5376711
18/06/2021,Maharashtra,27220156,21802528,5417628
19/06/2021,Maharashtra,27616708,22134489,5482219
20/06/2021,Maharashtra,27733974,22244712,5489262
21/06/2021,Maharashtra,28128768,22587693,5541075
22/06/2021,Maharashtra,28706375,23089545,5616830
23/06/2021,Maharashtra,29345261,23663198,5682063
24/06/2021,Maharashtra,29788061,24046509,5741552
25/06/2021,Maharashtra,30283190,24455767,5827423
26/06/2021,Maharashtra,31032178,25046626,5985552
27/06/2021,Maharashtra,31158987,25144877,6014110
28/06/2021,Maharashtra,31781730,25598367,6183363
29/06/2021,Maharashtra,32178658,25883793,6294865
30/06/2021,Maharashtra,32439568,26067743,6371825
1/7/2021,Maharashtra,32720630,26252541,6468089
2/7/2021,Maharashtra,33109808,26512487,6597321
3/7/2021,Maharashtra,33928829,27072332,6856497
4/7/2021,Maharashtra,34076028,27181244,6894784
5/7/2021,Maharashtra,34404490,27418175,6986315
6/7/2021,Maharashtra,34802542,27659911,7142631
7/7/2021,Maharashtra,,,
8/7/2021,Maharashtra,,,
9/7/2021,Maharashtra,,,
10/7/2021,Maharashtra,,,
11/7/2021,Maharashtra,,,
12/7/2021,Maharashtra,,,
13/07/2021,Maharashtra,,,
14/07/2021,Maharashtra,,,
15/07/2021,Maharashtra,,,
16/01/2021,Manipur,181,181,0
17/01/2021,Manipur,192,192,0
18/01/2021,Manipur,169,169,0
19/01/2021,Manipur,267,267,0
20/01/2021,Manipur,426,426,0
21/01/2021,Manipur,426,426,0
22/01/2021,Manipur,693,693,0
23/01/2021,Manipur,1097,1097,0
24/01/2021,Manipur,1109,1109,0
25/01/2021,Manipur,1319,1319,0
26/01/2021,Manipur,1328,1328,0
27/01/2021,Manipur,1873,1873,0
28/01/2021,Manipur,1909,1909,0
29/01/2021,Manipur,2394,2394,0
30/01/2021,Manipur,2933,2933,0
31/01/2021,Manipur,2947,2947,0
1/2/2021,Manipur,3321,3321,0
2/2/2021,Manipur,3614,3614,0
3/2/2021,Manipur,4683,4683,0
4/2/2021,Manipur,4882,4882,0
5/2/2021,Manipur,5638,5638,0
6/2/2021,Manipur,6981,6981,0
7/2/2021,Manipur,7085,7085,0
8/2/2021,Manipur,8785,8785,0
9/2/2021,Manipur,9895,9895,0
10/2/2021,Manipur,12509,12509,0
11/2/2021,Manipur,14562,14562,0
12/2/2021,Manipur,17996,17996,0
13/02/2021,Manipur,20866,20811,55
14/02/2021,Manipur,21453,21284,169
15/02/2021,Manipur,24428,24144,284
16/02/2021,Manipur,27506,27091,415
17/02/2021,Manipur,31661,30988,673
18/02/2021,Manipur,34103,33302,801
19/02/2021,Manipur,37210,36102,1108
20/02/2021,Manipur,38877,37523,1354
21/02/2021,Manipur,39179,37813,1366
22/02/2021,Manipur,40640,39019,1621
23/02/2021,Manipur,42108,40431,1677
24/02/2021,Manipur,44538,42609,1929
25/02/2021,Manipur,47096,45109,1987
26/02/2021,Manipur,50565,48312,2253
27/02/2021,Manipur,50565,48312,2253
28/02/2021,Manipur,50565,48312,2253
1/3/2021,Manipur,50565,48312,2253
2/3/2021,Manipur,53731,51010,2721
3/3/2021,Manipur,57367,54240,3127
4/3/2021,Manipur,59952,56584,3368
5/3/2021,Manipur,62866,59034,3832
6/3/2021,Manipur,66418,61879,4539
7/3/2021,Manipur,66485,61932,4553
8/3/2021,Manipur,69656,63908,5748
9/3/2021,Manipur,66537,60426,6111
10/3/2021,Manipur,68967,61597,7370
11/3/2021,Manipur,70643,62455,8188
12/3/2021,Manipur,73372,63713,9659
13/03/2021,Manipur,74264,64162,10102
14/03/2021,Manipur,74287,64185,10102
15/03/2021,Manipur,77264,65326,11938
16/03/2021,Manipur,84604,71446,13158
17/03/2021,Manipur,87642,72675,14967
18/03/2021,Manipur,89359,73312,16047
19/03/2021,Manipur,91987,74154,17833
20/03/2021,Manipur,94867,75140,19727
21/03/2021,Manipur,95182,75302,19880
22/03/2021,Manipur,97948,76185,21763
23/03/2021,Manipur,100723,77298,23425
24/03/2021,Manipur,103524,78329,25195
25/03/2021,Manipur,105588,78954,26634
26/03/2021,Manipur,108414,79939,28475
27/03/2021,Manipur,110588,80812,29776
28/03/2021,Manipur,110709,80836,29873
29/03/2021,Manipur,110710,80834,29876
30/03/2021,Manipur,111499,81234,30265
31/03/2021,Manipur,112388,81536,30852
1/4/2021,Manipur,113879,82143,31736
2/4/2021,Manipur,114328,82302,32026
3/4/2021,Manipur,116963,83195,33768
4/4/2021,Manipur,117983,83536,34447
5/4/2021,Manipur,120166,84193,35973
6/4/2021,Manipur,121511,84616,36895
7/4/2021,Manipur,125009,85872,39137
8/4/2021,Manipur,128096,86907,41189
9/4/2021,Manipur,130943,88290,42653
10/4/2021,Manipur,132200,88814,43386
11/4/2021,Manipur,134396,90439,43957
12/4/2021,Manipur,137680,92519,45161
13/04/2021,Manipur,139965,94163,45802
14/04/2021,Manipur,142872,96373,46499
15/04/2021,Manipur,145449,97755,47694
16/04/2021,Manipur,148586,99881,48705
17/04/2021,Manipur,152126,102116,50010
18/04/2021,Manipur,153104,102983,50121
19/04/2021,Manipur,157712,106513,51199
20/04/2021,Manipur,162104,109878,52226
21/04/2021,Manipur,167519,114345,53174
22/04/2021,Manipur,171740,117450,54290
23/04/2021,Manipur,174249,119440,54809
24/04/2021,Manipur,180200,124435,55765
25/04/2021,Manipur,182546,126565,55981
26/04/2021,Manipur,192152,134935,57217
27/04/2021,Manipur,200674,142612,58062
28/04/2021,Manipur,214148,155151,58997
29/04/2021,Manipur,228164,168095,60069
30/04/2021,Manipur,250108,188954,61154
1/5/2021,Manipur,263966,202264,61702
2/5/2021,Manipur,266791,205037,61754
3/5/2021,Manipur,281500,218548,62952
4/5/2021,Manipur,292122,228369,63753
5/5/2021,Manipur,304470,239758,64712
6/5/2021,Manipur,314431,248868,65563
7/5/2021,Manipur,322790,256439,66351
8/5/2021,Manipur,330507,263612,66895
9/5/2021,Manipur,330717,263801,66916
10/5/2021,Manipur,341766,273723,68043
11/5/2021,Manipur,350180,281137,69043
12/5/2021,Manipur,358501,289255,69246
13/05/2021,Manipur,364547,295024,69523
14/05/2021,Manipur,370000,300409,69591
15/05/2021,Manipur,376997,307272,69725
16/05/2021,Manipur,377312,307585,69727
17/05/2021,Manipur,386041,316243,69798
18/05/2021,Manipur,390976,321100,69876
19/05/2021,Manipur,399475,329532,69943
20/05/2021,Manipur,403292,333308,69984
21/05/2021,Manipur,409970,339942,70028
22/05/2021,Manipur,413778,343712,70066
23/05/2021,Manipur,413789,343723,70066
24/05/2021,Manipur,420969,350862,70107
25/05/2021,Manipur,424213,354051,70162
26/05/2021,Manipur,435973,365796,70177
27/05/2021,Manipur,439064,368847,70217
28/05/2021,Manipur,444143,373870,70273
29/05/2021,Manipur,451025,380689,70336
30/05/2021,Manipur,451219,380882,70337
31/05/2021,Manipur,457938,387493,70445
1/6/2021,Manipur,462332,391812,70520
2/6/2021,Manipur,469900,399272,70628
3/6/2021,Manipur,472549,401838,70711
4/6/2021,Manipur,483199,412409,70790
5/6/2021,Manipur,492404,421488,70916
6/6/2021,Manipur,492511,421595,70916
7/6/2021,Manipur,504594,433599,70995
8/6/2021,Manipur,511639,440535,71104
9/6/2021,Manipur,522579,451370,71209
10/6/2021,Manipur,527496,456202,71294
11/6/2021,Manipur,535179,463768,71411
12/6/2021,Manipur,537537,466105,71432
13/06/2021,Manipur,538075,466634,71441
14/06/2021,Manipur,543694,472128,71566
15/06/2021,Manipur,548282,476657,71625
16/06/2021,Manipur,554243,482536,71707
17/06/2021,Manipur,556448,484633,71815
18/06/2021,Manipur,561047,489047,72000
19/06/2021,Manipur,565195,493052,72143
20/06/2021,Manipur,565710,493565,72145
21/06/2021,Manipur,572397,500102,72295
22/06/2021,Manipur,576461,504048,72413
23/06/2021,Manipur,582812,510253,72559
24/06/2021,Manipur,588117,515401,72716
25/06/2021,Manipur,596468,523660,72808
26/06/2021,Manipur,603780,530732,73048
27/06/2021,Manipur,606673,533606,73067
28/06/2021,Manipur,621399,548026,73373
29/06/2021,Manipur,637207,563425,73782
30/06/2021,Manipur,655247,581109,74138
1/7/2021,Manipur,672166,597706,74460
2/7/2021,Manipur,695544,620451,75093
3/7/2021,Manipur,719567,643877,75690
4/7/2021,Manipur,729209,653287,75922
5/7/2021,Manipur,759423,681970,77453
6/7/2021,Manipur,785691,706878,78813
7/7/2021,Manipur,,,
8/7/2021,Manipur,,,
9/7/2021,Manipur,,,
10/7/2021,Manipur,,,
11/7/2021,Manipur,,,
12/7/2021,Manipur,,,
13/07/2021,Manipur,,,
14/07/2021,Manipur,,,
15/07/2021,Manipur,,,
16/01/2021,Meghalaya,102,102,0
17/01/2021,Meghalaya,102,102,0
18/01/2021,Meghalaya,58,58,0
19/01/2021,Meghalaya,170,170,0
20/01/2021,Meghalaya,189,189,0
21/01/2021,Meghalaya,380,380,0
22/01/2021,Meghalaya,525,525,0
23/01/2021,Meghalaya,709,709,0
24/01/2021,Meghalaya,713,713,0
25/01/2021,Meghalaya,1249,1249,0
26/01/2021,Meghalaya,1256,1256,0
27/01/2021,Meghalaya,1964,1964,0
28/01/2021,Meghalaya,2609,2609,0
29/01/2021,Meghalaya,2925,2925,0
30/01/2021,Meghalaya,3070,3070,0
31/01/2021,Meghalaya,3076,3076,0
1/2/2021,Meghalaya,3317,3317,0
2/2/2021,Meghalaya,3451,3451,0
3/2/2021,Meghalaya,3565,3565,0
4/2/2021,Meghalaya,4216,4216,0
5/2/2021,Meghalaya,4933,4933,0
6/2/2021,Meghalaya,5585,5585,0
7/2/2021,Meghalaya,5585,5585,0
8/2/2021,Meghalaya,6394,6394,0
9/2/2021,Meghalaya,7806,7806,0
10/2/2021,Meghalaya,8557,8557,0
11/2/2021,Meghalaya,10420,10420,0
12/2/2021,Meghalaya,11614,11614,0
13/02/2021,Meghalaya,12996,12905,91
14/02/2021,Meghalaya,12997,12906,91
15/02/2021,Meghalaya,15270,15019,251
16/02/2021,Meghalaya,17969,17479,490
17/02/2021,Meghalaya,21964,21153,811
18/02/2021,Meghalaya,25231,23995,1236
19/02/2021,Meghalaya,29028,27429,1599
20/02/2021,Meghalaya,31111,29428,1683
21/02/2021,Meghalaya,31142,29459,1683
22/02/2021,Meghalaya,34056,31976,2080
23/02/2021,Meghalaya,37186,34889,2297
24/02/2021,Meghalaya,39128,36656,2472
25/02/2021,Meghalaya,41799,38638,3161
26/02/2021,Meghalaya,43820,40214,3606
27/02/2021,Meghalaya,43820,40214,3606
28/02/2021,Meghalaya,43820,40214,3606
1/3/2021,Meghalaya,43820,40214,3606
2/3/2021,Meghalaya,46335,42313,4022
3/3/2021,Meghalaya,48103,43856,4247
4/3/2021,Meghalaya,49906,45315,4591
5/3/2021,Meghalaya,51694,46494,5200
6/3/2021,Meghalaya,52850,47342,5508
7/3/2021,Meghalaya,52918,47343,5575
8/3/2021,Meghalaya,55701,49452,6249
9/3/2021,Meghalaya,52598,45459,7139
10/3/2021,Meghalaya,55012,47038,7974
11/3/2021,Meghalaya,58246,49110,9136
12/3/2021,Meghalaya,60371,50237,10134
13/03/2021,Meghalaya,61887,50933,10954
14/03/2021,Meghalaya,61893,50935,10958
15/03/2021,Meghalaya,64637,52440,12197
16/03/2021,Meghalaya,75591,61441,14150
17/03/2021,Meghalaya,79544,63623,15921
18/03/2021,Meghalaya,83678,65544,18134
19/03/2021,Meghalaya,87664,67370,20294
20/03/2021,Meghalaya,89583,68157,21426
21/03/2021,Meghalaya,89631,68189,21442
22/03/2021,Meghalaya,93369,69870,23499
23/03/2021,Meghalaya,97710,71810,25900
24/03/2021,Meghalaya,100271,73095,27176
25/03/2021,Meghalaya,104331,75260,29071
26/03/2021,Meghalaya,106715,76757,29958
27/03/2021,Meghalaya,107235,77163,30072
28/03/2021,Meghalaya,107245,77173,30072
29/03/2021,Meghalaya,108601,78278,30323
30/03/2021,Meghalaya,110987,79778,31209
31/03/2021,Meghalaya,112575,80790,31785
1/4/2021,Meghalaya,116161,83658,32503
2/4/2021,Meghalaya,116994,84328,32666
3/4/2021,Meghalaya,118120,85243,32877
4/4/2021,Meghalaya,118451,85528,32923
5/4/2021,Meghalaya,120925,87294,33631
6/4/2021,Meghalaya,122904,88683,34221
7/4/2021,Meghalaya,129112,93455,35657
8/4/2021,Meghalaya,135189,98204,36985
9/4/2021,Meghalaya,139127,101170,37957
10/4/2021,Meghalaya,141326,103084,38242
11/4/2021,Meghalaya,142445,104057,38388
12/4/2021,Meghalaya,146598,107560,39038
13/04/2021,Meghalaya,152825,112619,40206
14/04/2021,Meghalaya,157493,116428,41065
15/04/2021,Meghalaya,163242,120703,42539
16/04/2021,Meghalaya,167533,124078,43455
17/04/2021,Meghalaya,169475,125525,43950
18/04/2021,Meghalaya,169578,125611,43967
19/04/2021,Meghalaya,174722,129164,45558
20/04/2021,Meghalaya,180648,133716,46932
21/04/2021,Meghalaya,185229,137342,47887
22/04/2021,Meghalaya,194508,144721,49787
23/04/2021,Meghalaya,203223,151994,51229
24/04/2021,Meghalaya,209522,157665,51857
25/04/2021,Meghalaya,210172,158278,51894
26/04/2021,Meghalaya,225338,171659,53679
27/04/2021,Meghalaya,242572,187409,55163
28/04/2021,Meghalaya,258617,201997,56620
29/04/2021,Meghalaya,275009,216622,58387
30/04/2021,Meghalaya,290380,230464,59916
1/5/2021,Meghalaya,298016,237480,60536
2/5/2021,Meghalaya,298411,237840,60571
3/5/2021,Meghalaya,307452,245544,61908
4/5/2021,Meghalaya,314897,251797,63100
5/5/2021,Meghalaya,321391,257079,64312
6/5/2021,Meghalaya,330208,264289,65919
7/5/2021,Meghalaya,338720,271522,67198
8/5/2021,Meghalaya,343288,275381,67907
9/5/2021,Meghalaya,343383,275458,67925
10/5/2021,Meghalaya,354169,284513,69656
11/5/2021,Meghalaya,366010,294637,71373
12/5/2021,Meghalaya,376361,304094,72267
13/05/2021,Meghalaya,386756,313442,73314
14/05/2021,Meghalaya,395450,321576,73874
15/05/2021,Meghalaya,400823,326762,74061
16/05/2021,Meghalaya,403743,329682,74061
17/05/2021,Meghalaya,410381,336289,74092
18/05/2021,Meghalaya,415533,341428,74105
19/05/2021,Meghalaya,419281,345160,74121
20/05/2021,Meghalaya,424013,349885,74128
21/05/2021,Meghalaya,429752,355602,74150
22/05/2021,Meghalaya,434370,360217,74153
23/05/2021,Meghalaya,435576,361423,74153
24/05/2021,Meghalaya,440675,366496,74179
25/05/2021,Meghalaya,446276,372070,74206
26/05/2021,Meghalaya,449713,375503,74210
27/05/2021,Meghalaya,455066,380830,74236
28/05/2021,Meghalaya,459868,385587,74281
29/05/2021,Meghalaya,463649,389328,74321
30/05/2021,Meghalaya,464224,389900,74324
31/05/2021,Meghalaya,465690,391350,74340
1/6/2021,Meghalaya,467917,393547,74370
2/6/2021,Meghalaya,469583,395183,74400
3/6/2021,Meghalaya,471884,397450,74434
4/6/2021,Meghalaya,474607,400152,74455
5/6/2021,Meghalaya,476743,402281,74462
6/6/2021,Meghalaya,476750,402288,74462
7/6/2021,Meghalaya,478264,403761,74503
8/6/2021,Meghalaya,479293,404762,74531
9/6/2021,Meghalaya,480229,405629,74600
10/6/2021,Meghalaya,482623,407975,74648
11/6/2021,Meghalaya,492296,417634,74662
12/6/2021,Meghalaya,501614,426926,74688
13/06/2021,Meghalaya,503182,428483,74699
14/06/2021,Meghalaya,516828,442099,74729
15/06/2021,Meghalaya,530738,455958,74780
16/06/2021,Meghalaya,544781,469951,74830
17/06/2021,Meghalaya,562928,487996,74932
18/06/2021,Meghalaya,578098,503100,74998
19/06/2021,Meghalaya,589906,514835,75071
20/06/2021,Meghalaya,590972,515897,75075
21/06/2021,Meghalaya,604195,528959,75236
22/06/2021,Meghalaya,617157,541746,75411
23/06/2021,Meghalaya,629639,554067,75572
24/06/2021,Meghalaya,641778,565784,75994
25/06/2021,Meghalaya,655138,578927,76211
26/06/2021,Meghalaya,663542,587037,76505
27/06/2021,Meghalaya,664291,587769,76522
28/06/2021,Meghalaya,678691,601229,77462
29/06/2021,Meghalaya,690638,612010,78628
30/06/2021,Meghalaya,699213,619732,79481
1/7/2021,Meghalaya,712223,631279,80944
2/7/2021,Meghalaya,724020,641366,82654
3/7/2021,Meghalaya,733404,649906,83498
4/7/2021,Meghalaya,734356,650477,83879
5/7/2021,Meghalaya,747397,661498,85899
6/7/2021,Meghalaya,763595,674827,88768
7/7/2021,Meghalaya,,,
8/7/2021,Meghalaya,,,
9/7/2021,Meghalaya,,,
10/7/2021,Meghalaya,,,
11/7/2021,Meghalaya,,,
12/7/2021,Meghalaya,,,
13/07/2021,Meghalaya,,,
14/07/2021,Meghalaya,,,
15/07/2021,Meghalaya,,,
16/01/2021,Mizoram,105,105,0
17/01/2021,Mizoram,105,105,0
18/01/2021,Mizoram,98,98,0
19/01/2021,Mizoram,259,259,0
20/01/2021,Mizoram,291,291,0
21/01/2021,Mizoram,632,632,0
22/01/2021,Mizoram,1494,1494,0
23/01/2021,Mizoram,1870,1870,0
24/01/2021,Mizoram,1945,1945,0
25/01/2021,Mizoram,3087,3087,0
26/01/2021,Mizoram,3115,3115,0
27/01/2021,Mizoram,4782,4782,0
28/01/2021,Mizoram,5391,5391,0
29/01/2021,Mizoram,7065,7065,0
30/01/2021,Mizoram,7977,7977,0
31/01/2021,Mizoram,7977,7977,0
1/2/2021,Mizoram,8462,8462,0
2/2/2021,Mizoram,8462,8462,0
3/2/2021,Mizoram,8525,8525,0
4/2/2021,Mizoram,8583,8583,0
5/2/2021,Mizoram,9110,9110,0
6/2/2021,Mizoram,9470,9470,0
7/2/2021,Mizoram,9476,9476,0
8/2/2021,Mizoram,9492,9492,0
9/2/2021,Mizoram,9603,9603,0
10/2/2021,Mizoram,9642,9642,0
11/2/2021,Mizoram,9642,9642,0
12/2/2021,Mizoram,9941,9941,0
13/02/2021,Mizoram,10254,10179,75
14/02/2021,Mizoram,10440,10365,75
15/02/2021,Mizoram,11394,11167,227
16/02/2021,Mizoram,11402,11175,227
17/02/2021,Mizoram,12755,12174,581
18/02/2021,Mizoram,14305,12914,1391
19/02/2021,Mizoram,16672,14481,2191
20/02/2021,Mizoram,16918,14684,2234
21/02/2021,Mizoram,16918,14684,2234
22/02/2021,Mizoram,18808,15775,3033
23/02/2021,Mizoram,20689,17217,3472
24/02/2021,Mizoram,23483,19505,3978
25/02/2021,Mizoram,25618,20768,4850
26/02/2021,Mizoram,27554,21922,5632
27/02/2021,Mizoram,27554,21922,5632
28/02/2021,Mizoram,27558,21926,5632
1/3/2021,Mizoram,27558,21926,5632
2/3/2021,Mizoram,33404,25609,7795
3/3/2021,Mizoram,37776,28887,8889
4/3/2021,Mizoram,40949,31897,9052
5/3/2021,Mizoram,41973,32860,9113
6/3/2021,Mizoram,43202,34027,9175
7/3/2021,Mizoram,43295,34115,9180
8/3/2021,Mizoram,44969,35707,9262
9/3/2021,Mizoram,38483,29116,9367
10/3/2021,Mizoram,42391,32615,9776
11/3/2021,Mizoram,44393,34423,9970
12/3/2021,Mizoram,45638,35607,10031
13/03/2021,Mizoram,46187,36085,10102
14/03/2021,Mizoram,46297,36127,10170
15/03/2021,Mizoram,48167,37646,10521
16/03/2021,Mizoram,60487,49846,10641
17/03/2021,Mizoram,61546,50734,10812
18/03/2021,Mizoram,62606,51317,11289
19/03/2021,Mizoram,63610,51766,11844
20/03/2021,Mizoram,64315,52285,12030
21/03/2021,Mizoram,64323,52290,12033
22/03/2021,Mizoram,65068,52737,12331
23/03/2021,Mizoram,65994,53292,12702
24/03/2021,Mizoram,66383,53576,12807
25/03/2021,Mizoram,67197,54238,12959
26/03/2021,Mizoram,68394,55046,13348
27/03/2021,Mizoram,68478,55117,13361
28/03/2021,Mizoram,68478,55117,13361
29/03/2021,Mizoram,68563,55127,13436
30/03/2021,Mizoram,69079,55372,13707
31/03/2021,Mizoram,69467,55525,13942
1/4/2021,Mizoram,70821,56300,14521
2/4/2021,Mizoram,71071,56479,14592
3/4/2021,Mizoram,71115,56509,14606
4/4/2021,Mizoram,71104,56489,14615
5/4/2021,Mizoram,72921,57385,15536
6/4/2021,Mizoram,74692,58483,16209
7/4/2021,Mizoram,81395,63319,18076
8/4/2021,Mizoram,86987,67481,19506
9/4/2021,Mizoram,92638,71502,21136
10/4/2021,Mizoram,95185,73602,21583
11/4/2021,Mizoram,95806,73831,21975
12/4/2021,Mizoram,104685,80821,23864
13/04/2021,Mizoram,112978,87233,25745
14/04/2021,Mizoram,123061,94676,28385
15/04/2021,Mizoram,135355,105054,30301
16/04/2021,Mizoram,148073,117031,31042
17/04/2021,Mizoram,153856,122168,31688
18/04/2021,Mizoram,154183,122419,31764
19/04/2021,Mizoram,164801,131756,33045
20/04/2021,Mizoram,174363,139758,34605
21/04/2021,Mizoram,180790,144492,36298
22/04/2021,Mizoram,194062,156035,38027
23/04/2021,Mizoram,206177,166665,39512
24/04/2021,Mizoram,211110,170765,40345
25/04/2021,Mizoram,211220,170856,40364
26/04/2021,Mizoram,223397,181115,42282
27/04/2021,Mizoram,235041,191344,43697
28/04/2021,Mizoram,243364,199452,43912
29/04/2021,Mizoram,250446,206116,44330
30/04/2021,Mizoram,256067,211334,44733
1/5/2021,Mizoram,258683,213866,44817
2/5/2021,Mizoram,258830,213944,44886
3/5/2021,Mizoram,263667,218549,45118
4/5/2021,Mizoram,267561,221866,45695
5/5/2021,Mizoram,271141,225232,45909
6/5/2021,Mizoram,275391,229045,46346
7/5/2021,Mizoram,277545,230710,46835
8/5/2021,Mizoram,278197,231165,47032
9/5/2021,Mizoram,278252,231200,47052
10/5/2021,Mizoram,281704,232953,48751
11/5/2021,Mizoram,284591,234267,50324
12/5/2021,Mizoram,286159,235691,50468
13/05/2021,Mizoram,288186,237420,50766
14/05/2021,Mizoram,288999,238093,50906
15/05/2021,Mizoram,289770,238803,50967
16/05/2021,Mizoram,289783,238816,50967
17/05/2021,Mizoram,291676,240707,50969
18/05/2021,Mizoram,294300,243325,50975
19/05/2021,Mizoram,297576,246598,50978
20/05/2021,Mizoram,301229,250250,50979
21/05/2021,Mizoram,303181,252198,50983
22/05/2021,Mizoram,303182,252199,50983
23/05/2021,Mizoram,303182,252199,50983
24/05/2021,Mizoram,304934,253888,51046
25/05/2021,Mizoram,306513,255454,51059
26/05/2021,Mizoram,307168,256107,51061
27/05/2021,Mizoram,308603,257532,51071
28/05/2021,Mizoram,311403,260318,51085
29/05/2021,Mizoram,313383,262296,51087
30/05/2021,Mizoram,313453,262366,51087
31/05/2021,Mizoram,315245,264128,51117
1/6/2021,Mizoram,316266,265122,51144
2/6/2021,Mizoram,316742,265590,51152
3/6/2021,Mizoram,318199,267028,51171
4/6/2021,Mizoram,322297,271082,51215
5/6/2021,Mizoram,323535,272320,51215
6/6/2021,Mizoram,323536,272321,51215
7/6/2021,Mizoram,327729,276319,51410
8/6/2021,Mizoram,331535,279959,51576
9/6/2021,Mizoram,335091,283221,51870
10/6/2021,Mizoram,339631,287744,51887
11/6/2021,Mizoram,342961,290926,52035
12/6/2021,Mizoram,344187,291868,52319
13/06/2021,Mizoram,344187,291868,52319
14/06/2021,Mizoram,357314,304964,52350
15/06/2021,Mizoram,373131,320738,52393
16/06/2021,Mizoram,393779,341373,52406
17/06/2021,Mizoram,410513,357878,52635
18/06/2021,Mizoram,421435,368782,52653
19/06/2021,Mizoram,428686,376032,52654
20/06/2021,Mizoram,428686,376032,52654
21/06/2021,Mizoram,445820,393007,52813
22/06/2021,Mizoram,473304,420432,52872
23/06/2021,Mizoram,496292,443264,53028
24/06/2021,Mizoram,518600,465500,53100
25/06/2021,Mizoram,540516,487321,53195
26/06/2021,Mizoram,550381,497141,53240
27/06/2021,Mizoram,550596,497356,53240
28/06/2021,Mizoram,559934,506474,53460
29/06/2021,Mizoram,568598,514605,53993
30/06/2021,Mizoram,573048,518679,54369
1/7/2021,Mizoram,580553,524954,55599
2/7/2021,Mizoram,592671,534949,57722
3/7/2021,Mizoram,600166,540493,59673
4/7/2021,Mizoram,600379,540706,59673
5/7/2021,Mizoram,611825,548862,62963
6/7/2021,Mizoram,620536,554889,65647
7/7/2021,Mizoram,,,
8/7/2021,Mizoram,,,
9/7/2021,Mizoram,,,
10/7/2021,Mizoram,,,
11/7/2021,Mizoram,,,
12/7/2021,Mizoram,,,
13/07/2021,Mizoram,,,
14/07/2021,Mizoram,,,
15/07/2021,Mizoram,,,
16/01/2021,Nagaland,94,94,0
17/01/2021,Nagaland,94,94,0
18/01/2021,Nagaland,315,315,0
19/01/2021,Nagaland,649,649,0
20/01/2021,Nagaland,1070,1070,0
21/01/2021,Nagaland,1267,1267,0
22/01/2021,Nagaland,1563,1563,0
23/01/2021,Nagaland,1574,1574,0
24/01/2021,Nagaland,1583,1583,0
25/01/2021,Nagaland,2447,2447,0
26/01/2021,Nagaland,2491,2491,0
27/01/2021,Nagaland,3371,3371,0
28/01/2021,Nagaland,3485,3485,0
29/01/2021,Nagaland,3509,3509,0
30/01/2021,Nagaland,3529,3529,0
31/01/2021,Nagaland,3530,3530,0
1/2/2021,Nagaland,3535,3535,0
2/2/2021,Nagaland,3630,3630,0
3/2/2021,Nagaland,3781,3781,0
4/2/2021,Nagaland,3958,3958,0
5/2/2021,Nagaland,4068,4068,0
6/2/2021,Nagaland,4092,4092,0
7/2/2021,Nagaland,4093,4093,0
8/2/2021,Nagaland,4502,4502,0
9/2/2021,Nagaland,5380,5380,0
10/2/2021,Nagaland,6606,6606,0
11/2/2021,Nagaland,7779,7779,0
12/2/2021,Nagaland,8510,8510,0
13/02/2021,Nagaland,9041,9041,0
14/02/2021,Nagaland,9298,9175,123
15/02/2021,Nagaland,11374,11064,310
16/02/2021,Nagaland,13855,12836,1019
17/02/2021,Nagaland,15897,14478,1419
18/02/2021,Nagaland,18021,15776,2245
19/02/2021,Nagaland,21930,18981,2949
20/02/2021,Nagaland,23239,19801,3438
21/02/2021,Nagaland,23333,19895,3438
22/02/2021,Nagaland,25515,21597,3918
23/02/2021,Nagaland,27485,23165,4320
24/02/2021,Nagaland,29733,25078,4655
25/02/2021,Nagaland,31357,26425,4932
26/02/2021,Nagaland,32408,27408,5000
27/02/2021,Nagaland,32408,27408,5000
28/02/2021,Nagaland,32408,27408,5000
1/3/2021,Nagaland,32408,27408,5000
2/3/2021,Nagaland,33666,28489,5177
3/3/2021,Nagaland,35478,30205,5273
4/3/2021,Nagaland,36435,31007,5428
5/3/2021,Nagaland,36838,31300,5538
6/3/2021,Nagaland,37449,31900,5549
7/3/2021,Nagaland,37534,31985,5549
8/3/2021,Nagaland,39702,33821,5881
9/3/2021,Nagaland,35039,28813,6226
10/3/2021,Nagaland,37358,30332,7026
11/3/2021,Nagaland,40079,31853,8226
12/3/2021,Nagaland,40999,32272,8727
13/03/2021,Nagaland,41434,32391,9043
14/03/2021,Nagaland,41574,32404,9170
15/03/2021,Nagaland,44529,33926,10603
16/03/2021,Nagaland,53973,42008,11965
17/03/2021,Nagaland,56257,43476,12781
18/03/2021,Nagaland,58558,44648,13910
19/03/2021,Nagaland,60026,45526,14500
20/03/2021,Nagaland,60616,45805,14811
21/03/2021,Nagaland,60847,45993,14854
22/03/2021,Nagaland,65231,48252,16979
23/03/2021,Nagaland,68921,50722,18199
24/03/2021,Nagaland,71113,51977,19136
25/03/2021,Nagaland,73282,53328,19954
26/03/2021,Nagaland,73861,53766,20095
27/03/2021,Nagaland,74090,53903,20187
28/03/2021,Nagaland,74120,53931,20189
29/03/2021,Nagaland,74228,54037,20191
30/03/2021,Nagaland,77812,56501,21311
31/03/2021,Nagaland,79927,58021,21906
1/4/2021,Nagaland,81935,59588,22347
2/4/2021,Nagaland,82335,59916,22419
3/4/2021,Nagaland,82476,59973,22503
4/4/2021,Nagaland,82573,60027,22546
5/4/2021,Nagaland,85256,61890,23366
6/4/2021,Nagaland,87452,63628,23824
7/4/2021,Nagaland,93357,68608,24749
8/4/2021,Nagaland,97862,72338,25524
9/4/2021,Nagaland,100533,74498,26035
10/4/2021,Nagaland,101480,75334,26146
11/4/2021,Nagaland,105837,79469,26368
12/4/2021,Nagaland,113933,86333,27600
13/04/2021,Nagaland,120848,92497,28351
14/04/2021,Nagaland,128130,98957,29173
15/04/2021,Nagaland,133050,102973,30077
16/04/2021,Nagaland,137621,107176,30445
17/04/2021,Nagaland,139052,108525,30527
18/04/2021,Nagaland,140107,109571,30536
19/04/2021,Nagaland,148682,117085,31597
20/04/2021,Nagaland,155195,122616,32579
21/04/2021,Nagaland,162415,128948,33467
22/04/2021,Nagaland,169219,134903,34316
23/04/2021,Nagaland,171602,136694,34908
24/04/2021,Nagaland,172279,137232,35047
25/04/2021,Nagaland,172649,137582,35067
26/04/2021,Nagaland,178198,141446,36752
27/04/2021,Nagaland,183201,145555,37646
28/04/2021,Nagaland,189590,150753,38837
29/04/2021,Nagaland,195428,155613,39815
30/04/2021,Nagaland,198817,158602,40215
1/5/2021,Nagaland,199845,159555,40290
2/5/2021,Nagaland,200279,159934,40345
3/5/2021,Nagaland,205316,163607,41709
4/5/2021,Nagaland,209918,166102,43816
5/5/2021,Nagaland,213511,168825,44686
6/5/2021,Nagaland,216162,170531,45631
7/5/2021,Nagaland,218384,172092,46292
8/5/2021,Nagaland,218617,172228,46389
9/5/2021,Nagaland,219061,172658,46403
10/5/2021,Nagaland,223069,175150,47919
11/5/2021,Nagaland,226669,177071,49598
12/5/2021,Nagaland,229033,178737,50296
13/05/2021,Nagaland,232245,180874,51371
14/05/2021,Nagaland,233433,181746,51687
15/05/2021,Nagaland,233825,182048,51777
16/05/2021,Nagaland,234090,182306,51784
17/05/2021,Nagaland,238157,186359,51798
18/05/2021,Nagaland,243561,191742,51819
19/05/2021,Nagaland,245648,193820,51828
20/05/2021,Nagaland,246683,194835,51848
21/05/2021,Nagaland,247243,195390,51853
22/05/2021,Nagaland,247345,195490,51855
23/05/2021,Nagaland,247513,195658,51855
24/05/2021,Nagaland,253384,201525,51859
25/05/2021,Nagaland,259736,207865,51871
26/05/2021,Nagaland,260721,208836,51885
27/05/2021,Nagaland,261506,209608,51898
28/05/2021,Nagaland,262228,210308,51920
29/05/2021,Nagaland,262488,210558,51930
30/05/2021,Nagaland,262571,210641,51930
31/05/2021,Nagaland,268922,216978,51944
1/6/2021,Nagaland,274959,223006,51953
2/6/2021,Nagaland,277162,225169,51993
3/6/2021,Nagaland,279796,227788,52008
4/6/2021,Nagaland,281682,229634,52048
5/6/2021,Nagaland,281890,229841,52049
6/6/2021,Nagaland,282481,230426,52055
7/6/2021,Nagaland,291666,239568,52098
8/6/2021,Nagaland,301511,249356,52155
9/6/2021,Nagaland,312189,260001,52188
10/6/2021,Nagaland,320312,268004,52308
11/6/2021,Nagaland,329360,277015,52345
12/6/2021,Nagaland,332870,280522,52348
13/06/2021,Nagaland,336121,283761,52360
14/06/2021,Nagaland,349528,297104,52424
15/06/2021,Nagaland,361734,309229,52505
16/06/2021,Nagaland,373071,320460,52611
17/06/2021,Nagaland,382540,329664,52876
18/06/2021,Nagaland,392226,339208,53018
19/06/2021,Nagaland,395022,341974,53048
20/06/2021,Nagaland,399370,346298,53072
21/06/2021,Nagaland,409572,356362,53210
22/06/2021,Nagaland,419911,366444,53467
23/06/2021,Nagaland,430786,376992,53794
24/06/2021,Nagaland,440810,386200,54610
25/06/2021,Nagaland,452837,398041,54796
26/06/2021,Nagaland,458432,403587,54845
27/06/2021,Nagaland,462512,407643,54869
28/06/2021,Nagaland,475119,419127,55992
29/06/2021,Nagaland,487762,429862,57900
30/06/2021,Nagaland,500218,440344,59874
1/7/2021,Nagaland,509293,447302,61991
2/7/2021,Nagaland,518347,454265,64082
3/7/2021,Nagaland,520859,456392,64467
4/7/2021,Nagaland,526913,461485,65428
5/7/2021,Nagaland,538942,469971,68971
6/7/2021,Nagaland,552125,478508,73617
7/7/2021,Nagaland,,,
8/7/2021,Nagaland,,,
9/7/2021,Nagaland,,,
10/7/2021,Nagaland,,,
11/7/2021,Nagaland,,,
12/7/2021,Nagaland,,,
13/07/2021,Nagaland,,,
14/07/2021,Nagaland,,,
15/07/2021,Nagaland,,,
16/01/2021,Odisha,3420,3420,0
17/01/2021,Odisha,3536,3536,0
18/01/2021,Odisha,7591,7591,0
19/01/2021,Odisha,14807,14807,0
20/01/2021,Odisha,18568,18568,0
21/01/2021,Odisha,45331,45331,0
22/01/2021,Odisha,59241,59241,0
23/01/2021,Odisha,89092,89092,0
24/01/2021,Odisha,93846,93846,0
25/01/2021,Odisha,120698,120698,0
26/01/2021,Odisha,122870,122870,0
27/01/2021,Odisha,130317,130317,0
28/01/2021,Odisha,145998,145998,0
29/01/2021,Odisha,156711,156711,0
30/01/2021,Odisha,158329,158329,0
31/01/2021,Odisha,158567,158567,0
1/2/2021,Odisha,159914,159914,0
2/2/2021,Odisha,161078,161078,0
3/2/2021,Odisha,165753,165753,0
4/2/2021,Odisha,186187,186187,0
5/2/2021,Odisha,190943,190943,0
6/2/2021,Odisha,220401,220401,0
7/2/2021,Odisha,223714,223714,0
8/2/2021,Odisha,255650,255650,0
9/2/2021,Odisha,282491,282491,0
10/2/2021,Odisha,316166,316166,0
11/2/2021,Odisha,334559,334559,0
12/2/2021,Odisha,350417,350417,0
13/02/2021,Odisha,360206,360203,3
14/02/2021,Odisha,360679,360676,3
15/02/2021,Odisha,377078,370662,6416
16/02/2021,Odisha,380202,373167,7035
17/02/2021,Odisha,392505,380869,11636
18/02/2021,Odisha,407988,373908,34080
19/02/2021,Odisha,462576,414702,47874
20/02/2021,Odisha,489793,419252,70541
21/02/2021,Odisha,491506,419492,72014
22/02/2021,Odisha,519365,423769,95596
23/02/2021,Odisha,531427,427468,103959
24/02/2021,Odisha,539997,430731,109266
25/02/2021,Odisha,564070,437478,126592
26/02/2021,Odisha,573790,440499,133291
27/02/2021,Odisha,573826,440535,133291
28/02/2021,Odisha,573828,440537,133291
1/3/2021,Odisha,573828,440537,133291
2/3/2021,Odisha,608953,469228,139725
3/3/2021,Odisha,636348,493470,142878
4/3/2021,Odisha,678170,525756,152414
5/3/2021,Odisha,705107,548018,157089
6/3/2021,Odisha,744565,579310,165255
7/3/2021,Odisha,749077,582986,166091
8/3/2021,Odisha,820328,628602,191726
9/3/2021,Odisha,707189,494050,213139
10/3/2021,Odisha,750951,522145,228806
11/3/2021,Odisha,758859,527341,231518
12/3/2021,Odisha,825025,570575,254450
13/03/2021,Odisha,883368,614739,268629
14/03/2021,Odisha,890304,620914,269390
15/03/2021,Odisha,980682,693949,286733
16/03/2021,Odisha,1270396,972659,297737
17/03/2021,Odisha,1380895,1076777,304118
18/03/2021,Odisha,1471638,1161063,310575
19/03/2021,Odisha,1565021,1247971,317050
20/03/2021,Odisha,1661845,1339420,322425
21/03/2021,Odisha,1691518,1367960,323558
22/03/2021,Odisha,1750576,1423067,327509
23/03/2021,Odisha,1855753,1521647,334106
24/03/2021,Odisha,1916772,1579476,337296
25/03/2021,Odisha,1988898,1646834,342064
26/03/2021,Odisha,2054400,1708797,345603
27/03/2021,Odisha,2125480,1777232,348248
28/03/2021,Odisha,2136507,1788115,348392
29/03/2021,Odisha,2137175,1788762,348413
30/03/2021,Odisha,2216101,1859488,356613
31/03/2021,Odisha,2297640,1931226,366414
1/4/2021,Odisha,2383139,2010503,372636
2/4/2021,Odisha,2600813,2216025,384788
3/4/2021,Odisha,2788139,2393427,394712
4/4/2021,Odisha,3069354,2663583,405771
5/4/2021,Odisha,3208252,2793731,414521
6/4/2021,Odisha,3375907,2952028,423879
7/4/2021,Odisha,3565852,3129687,436165
8/4/2021,Odisha,3763100,3311254,451846
9/4/2021,Odisha,3950514,3480440,470074
10/4/2021,Odisha,4087959,3604413,483546
11/4/2021,Odisha,4210619,3715949,494670
12/4/2021,Odisha,4351791,3839733,512058
13/04/2021,Odisha,4441397,3919536,521861
14/04/2021,Odisha,4526576,3991742,534834
15/04/2021,Odisha,4675143,4111307,563836
16/04/2021,Odisha,4791946,4205256,586690
17/04/2021,Odisha,4863969,4260933,603036
18/04/2021,Odisha,4928619,4310037,618582
19/04/2021,Odisha,5068071,4409637,658434
20/04/2021,Odisha,5190262,4495861,694401
21/04/2021,Odisha,5303528,4577788,725740
22/04/2021,Odisha,5394733,4642130,752603
23/04/2021,Odisha,5508466,4720273,788193
24/04/2021,Odisha,5526978,4733651,793327
25/04/2021,Odisha,5530079,4735952,794127
26/04/2021,Odisha,5615286,4789048,826238
27/04/2021,Odisha,5691740,4837588,854152
28/04/2021,Odisha,5741648,4867136,874512
29/04/2021,Odisha,5778140,4889024,889116
30/04/2021,Odisha,5856695,4928197,928498
1/5/2021,Odisha,5871726,4938147,933579
2/5/2021,Odisha,5874337,4939787,934550
3/5/2021,Odisha,5920244,4958904,961340
4/5/2021,Odisha,5951030,4974065,976965
5/5/2021,Odisha,5975193,4987030,988163
6/5/2021,Odisha,6028359,5006410,1021949
7/5/2021,Odisha,6115427,5032726,1082701
8/5/2021,Odisha,6190506,5056397,1134109
9/5/2021,Odisha,6199403,5060884,1138519
10/5/2021,Odisha,6344014,5094833,1249181
11/5/2021,Odisha,6457266,5135650,1321616
12/5/2021,Odisha,6522664,5170331,1352333
13/05/2021,Odisha,6575980,5202998,1372982
14/05/2021,Odisha,6625243,5229023,1396220
15/05/2021,Odisha,6661562,5256185,1405377
16/05/2021,Odisha,6662987,5257596,1405391
17/05/2021,Odisha,6723547,5310623,1412924
18/05/2021,Odisha,6830272,5410278,1419994
19/05/2021,Odisha,6905443,5478370,1427073
20/05/2021,Odisha,6965104,5532870,1432234
21/05/2021,Odisha,7015983,5579295,1436688
22/05/2021,Odisha,7101273,5660022,1441251
23/05/2021,Odisha,7116916,5675506,1441410
24/05/2021,Odisha,7229111,5783311,1445800
25/05/2021,Odisha,7326673,5877636,1449037
26/05/2021,Odisha,7376765,5927514,1449251
27/05/2021,Odisha,7479227,6025025,1454202
28/05/2021,Odisha,7603639,6139613,1464026
29/05/2021,Odisha,7708912,6238288,1470624
30/05/2021,Odisha,7727970,6257322,1470648
31/05/2021,Odisha,7857798,6380707,1477091
1/6/2021,Odisha,7962783,6479679,1483104
2/6/2021,Odisha,8035993,6549112,1486881
3/6/2021,Odisha,8110698,6619136,1491562
4/6/2021,Odisha,8201860,6703769,1498091
5/6/2021,Odisha,8283001,6778101,1504900
6/6/2021,Odisha,8296256,6791199,1505057
7/6/2021,Odisha,8462518,6938186,1524332
8/6/2021,Odisha,8613888,7068512,1545376
9/6/2021,Odisha,8749836,7183142,1566694
10/6/2021,Odisha,8806405,7225627,1580778
11/6/2021,Odisha,8905797,7298756,1607041
12/6/2021,Odisha,8977717,7347971,1629746
13/06/2021,Odisha,8987379,7356287,1631092
14/06/2021,Odisha,9061121,7407091,1654030
15/06/2021,Odisha,9186151,7503538,1682613
16/06/2021,Odisha,9350452,7631412,1719040
17/06/2021,Odisha,9506300,7756546,1749754
18/06/2021,Odisha,9656101,7882328,1773773
19/06/2021,Odisha,9825907,8019234,1806673
20/06/2021,Odisha,9846132,8037617,1808515
21/06/2021,Odisha,10149548,8309521,1840027
22/06/2021,Odisha,10441470,8574489,1866981
23/06/2021,Odisha,10765825,8874332,1891493
24/06/2021,Odisha,11052797,9126091,1926706
25/06/2021,Odisha,11295459,9327880,1967579
26/06/2021,Odisha,11539203,9516596,2022607
27/06/2021,Odisha,11571633,9541199,2030434
28/06/2021,Odisha,11832106,9732379,2099727
29/06/2021,Odisha,11960777,9824050,2136727
30/06/2021,Odisha,12016338,9868098,2148240
1/7/2021,Odisha,12055072,9899612,2155460
2/7/2021,Odisha,12089892,9927123,2162769
3/7/2021,Odisha,12202018,9995817,2206201
4/7/2021,Odisha,12237284,10017218,2220066
5/7/2021,Odisha,12586866,10217642,2369224
6/7/2021,Odisha,12923503,10418842,2504661
7/7/2021,Odisha,,,
8/7/2021,Odisha,,,
9/7/2021,Odisha,,,
10/7/2021,Odisha,,,
11/7/2021,Odisha,,,
12/7/2021,Odisha,,,
13/07/2021,Odisha,,,
14/07/2021,Odisha,,,
15/07/2021,Odisha,,,
16/01/2021,Puducherry,92,92,0
17/01/2021,Puducherry,92,92,0
18/01/2021,Puducherry,128,128,0
19/01/2021,Puducherry,249,249,0
20/01/2021,Puducherry,249,249,0
21/01/2021,Puducherry,249,249,0
22/01/2021,Puducherry,440,440,0
23/01/2021,Puducherry,813,813,0
24/01/2021,Puducherry,870,870,0
25/01/2021,Puducherry,1200,1200,0
26/01/2021,Puducherry,1205,1205,0
27/01/2021,Puducherry,1274,1274,0
28/01/2021,Puducherry,1302,1302,0
29/01/2021,Puducherry,1684,1684,0
30/01/2021,Puducherry,2069,2069,0
31/01/2021,Puducherry,2077,2077,0
1/2/2021,Puducherry,2316,2316,0
2/2/2021,Puducherry,2472,2472,0
3/2/2021,Puducherry,2640,2640,0
4/2/2021,Puducherry,2640,2640,0
5/2/2021,Puducherry,2984,2984,0
6/2/2021,Puducherry,2984,2984,0
7/2/2021,Puducherry,2984,2984,0
8/2/2021,Puducherry,3326,3326,0
9/2/2021,Puducherry,3728,3728,0
10/2/2021,Puducherry,4135,4135,0
11/2/2021,Puducherry,4144,4144,0
12/2/2021,Puducherry,4740,4740,0
13/02/2021,Puducherry,5311,5243,68
14/02/2021,Puducherry,5311,5243,68
15/02/2021,Puducherry,5974,5784,190
16/02/2021,Puducherry,6502,6197,305
17/02/2021,Puducherry,7072,6715,357
18/02/2021,Puducherry,7433,7023,410
19/02/2021,Puducherry,8863,8264,599
20/02/2021,Puducherry,9790,8983,807
21/02/2021,Puducherry,9790,8983,807
22/02/2021,Puducherry,10023,9092,931
23/02/2021,Puducherry,10132,9167,965
24/02/2021,Puducherry,10288,9295,993
25/02/2021,Puducherry,10599,9583,1016
26/02/2021,Puducherry,11254,10049,1205
27/02/2021,Puducherry,11254,10049,1205
28/02/2021,Puducherry,11254,10049,1205
1/3/2021,Puducherry,11254,10049,1205
2/3/2021,Puducherry,11912,10508,1404
3/3/2021,Puducherry,13087,11468,1619
4/3/2021,Puducherry,14349,12632,1717
5/3/2021,Puducherry,15833,13862,1971
6/3/2021,Puducherry,17181,14965,2216
7/3/2021,Puducherry,17186,14969,2217
8/3/2021,Puducherry,18840,16432,2408
9/3/2021,Puducherry,17940,15179,2761
10/3/2021,Puducherry,19610,16605,3005
11/3/2021,Puducherry,21232,18039,3193
12/3/2021,Puducherry,22707,19243,3464
13/03/2021,Puducherry,24491,20730,3761
14/03/2021,Puducherry,24531,20768,3763
15/03/2021,Puducherry,26694,22703,3991
16/03/2021,Puducherry,32136,27876,4260
17/03/2021,Puducherry,36669,32194,4475
18/03/2021,Puducherry,39618,34800,4818
19/03/2021,Puducherry,42192,36968,5224
20/03/2021,Puducherry,45828,40127,5701
21/03/2021,Puducherry,45978,40268,5710
22/03/2021,Puducherry,48951,43031,5920
23/03/2021,Puducherry,52280,46116,6164
24/03/2021,Puducherry,56958,50684,6274
25/03/2021,Puducherry,59759,53365,6394
26/03/2021,Puducherry,62652,56090,6562
27/03/2021,Puducherry,64971,58304,6667
28/03/2021,Puducherry,65161,58488,6673
29/03/2021,Puducherry,67152,60388,6764
30/03/2021,Puducherry,71126,64226,6900
31/03/2021,Puducherry,74753,67621,7132
1/4/2021,Puducherry,77091,69782,7309
2/4/2021,Puducherry,78346,70861,7485
3/4/2021,Puducherry,81940,74261,7679
4/4/2021,Puducherry,83745,75948,7797
5/4/2021,Puducherry,85304,77297,8007
6/4/2021,Puducherry,85827,77736,8091
7/4/2021,Puducherry,87366,79066,8300
8/4/2021,Puducherry,90173,81449,8724
9/4/2021,Puducherry,93170,83995,9175
10/4/2021,Puducherry,96811,87196,9615
11/4/2021,Puducherry,103620,93853,9767
12/4/2021,Puducherry,114625,104283,10342
13/04/2021,Puducherry,129315,118447,10868
14/04/2021,Puducherry,138227,127116,11111
15/04/2021,Puducherry,148463,136506,11957
16/04/2021,Puducherry,157568,144696,12872
17/04/2021,Puducherry,163838,150119,13719
18/04/2021,Puducherry,165720,151720,14000
19/04/2021,Puducherry,168746,153689,15057
20/04/2021,Puducherry,170884,155023,15861
21/04/2021,Puducherry,173842,157027,16815
22/04/2021,Puducherry,176632,158784,17848
23/04/2021,Puducherry,179593,160575,19018
24/04/2021,Puducherry,181793,161889,19904
25/04/2021,Puducherry,182376,162241,20135
26/04/2021,Puducherry,185241,163596,21645
27/04/2021,Puducherry,187897,164814,23083
28/04/2021,Puducherry,190808,166115,24693
29/04/2021,Puducherry,193958,167707,26251
30/04/2021,Puducherry,197864,169488,28376
1/5/2021,Puducherry,199568,170421,29147
2/5/2021,Puducherry,200100,170746,29354
3/5/2021,Puducherry,202793,171878,30915
4/5/2021,Puducherry,204860,172686,32174
5/5/2021,Puducherry,207774,173767,34007
6/5/2021,Puducherry,210910,174826,36084
7/5/2021,Puducherry,214047,175852,38195
8/5/2021,Puducherry,216758,176721,40037
9/5/2021,Puducherry,217269,176917,40352
10/5/2021,Puducherry,220887,178079,42808
11/5/2021,Puducherry,223390,178838,44552
12/5/2021,Puducherry,225487,179489,45998
13/05/2021,Puducherry,228252,180489,47763
14/05/2021,Puducherry,230849,181667,49182
15/05/2021,Puducherry,233493,183038,50455
16/05/2021,Puducherry,234107,183604,50503
17/05/2021,Puducherry,235311,184667,50644
18/05/2021,Puducherry,236280,185565,50715
19/05/2021,Puducherry,237296,186539,50757
20/05/2021,Puducherry,239946,189131,50815
21/05/2021,Puducherry,242269,191439,50830
22/05/2021,Puducherry,244618,193758,50860
23/05/2021,Puducherry,246119,195225,50894
24/05/2021,Puducherry,248922,197993,50929
25/05/2021,Puducherry,251483,200518,50965
26/05/2021,Puducherry,254227,203231,50996
27/05/2021,Puducherry,257055,206019,51036
28/05/2021,Puducherry,260310,209222,51088
29/05/2021,Puducherry,263594,212447,51147
30/05/2021,Puducherry,265768,214593,51175
31/05/2021,Puducherry,269328,218077,51251
1/6/2021,Puducherry,272660,221333,51327
2/6/2021,Puducherry,276052,224650,51402
3/6/2021,Puducherry,279327,227847,51480
4/6/2021,Puducherry,282192,230627,51565
5/6/2021,Puducherry,286551,234886,51665
6/6/2021,Puducherry,289091,237400,51691
7/6/2021,Puducherry,294440,242580,51860
8/6/2021,Puducherry,300252,248250,52002
9/6/2021,Puducherry,305651,253425,52226
10/6/2021,Puducherry,311816,259372,52444
11/6/2021,Puducherry,317562,264921,52641
12/6/2021,Puducherry,324744,271888,52856
13/06/2021,Puducherry,327232,274317,52915
14/06/2021,Puducherry,334027,280850,53177
15/06/2021,Puducherry,339695,286199,53496
16/06/2021,Puducherry,353121,299122,53999
17/06/2021,Puducherry,368948,314298,54650
18/06/2021,Puducherry,385272,330113,55159
19/06/2021,Puducherry,410129,354186,55943
20/06/2021,Puducherry,418672,362503,56169
21/06/2021,Puducherry,436571,379550,57021
22/06/2021,Puducherry,445363,387363,58000
23/06/2021,Puducherry,454182,394822,59360
24/06/2021,Puducherry,462497,401988,60509
25/06/2021,Puducherry,469829,408440,61389
26/06/2021,Puducherry,479491,416622,62869
27/06/2021,Puducherry,481902,418640,63262
28/06/2021,Puducherry,492598,427897,64701
29/06/2021,Puducherry,499979,434377,65602
30/06/2021,Puducherry,507468,440363,67105
1/7/2021,Puducherry,513535,445152,68383
2/7/2021,Puducherry,518831,448960,69871
3/7/2021,Puducherry,526345,454281,72064
4/7/2021,Puducherry,529509,455749,73760
5/7/2021,Puducherry,539096,460594,78502
6/7/2021,Puducherry,548593,463933,84660
7/7/2021,Puducherry,,,
8/7/2021,Puducherry,,,
9/7/2021,Puducherry,,,
10/7/2021,Puducherry,,,
11/7/2021,Puducherry,,,
12/7/2021,Puducherry,,,
13/07/2021,Puducherry,,,
14/07/2021,Puducherry,,,
15/07/2021,Puducherry,,,
16/01/2021,Punjab,336,336,0
17/01/2021,Punjab,338,338,0
18/01/2021,Punjab,678,678,0
19/01/2021,Punjab,1529,1529,0
20/01/2021,Punjab,2432,2432,0
21/01/2021,Punjab,4780,4780,0
22/01/2021,Punjab,9676,9676,0
23/01/2021,Punjab,16519,16519,0
24/01/2021,Punjab,17712,17712,0
25/01/2021,Punjab,26017,26017,0
26/01/2021,Punjab,26213,26213,0
27/01/2021,Punjab,33121,33121,0
28/01/2021,Punjab,39511,39511,0
29/01/2021,Punjab,42210,42210,0
30/01/2021,Punjab,45648,45648,0
31/01/2021,Punjab,45738,45738,0
1/2/2021,Punjab,47903,47903,0
2/2/2021,Punjab,49663,49663,0
3/2/2021,Punjab,52241,52241,0
4/2/2021,Punjab,56208,56208,0
5/2/2021,Punjab,60878,60878,0
6/2/2021,Punjab,64399,64399,0
7/2/2021,Punjab,64401,64401,0
8/2/2021,Punjab,70250,70250,0
9/2/2021,Punjab,75851,75851,0
10/2/2021,Punjab,80350,80350,0
11/2/2021,Punjab,85911,85911,0
12/2/2021,Punjab,90012,90012,0
13/02/2021,Punjab,92050,91988,62
14/02/2021,Punjab,92050,91988,62
15/02/2021,Punjab,97181,96153,1028
16/02/2021,Punjab,102258,100270,1988
17/02/2021,Punjab,106279,103601,2678
18/02/2021,Punjab,107749,102775,4974
19/02/2021,Punjab,122526,113959,8567
20/02/2021,Punjab,128999,116708,12291
21/02/2021,Punjab,129510,116815,12695
22/02/2021,Punjab,140314,121967,18347
23/02/2021,Punjab,149544,128224,21320
24/02/2021,Punjab,158632,134183,24449
25/02/2021,Punjab,172597,143306,29291
26/02/2021,Punjab,181693,149199,32494
27/02/2021,Punjab,181693,149199,32494
28/02/2021,Punjab,181693,149199,32494
1/3/2021,Punjab,181693,149199,32494
2/3/2021,Punjab,199021,163048,35973
3/3/2021,Punjab,211462,173112,38350
4/3/2021,Punjab,224386,183847,40539
5/3/2021,Punjab,240500,197223,43277
6/3/2021,Punjab,254347,208515,45832
7/3/2021,Punjab,255858,209935,45923
8/3/2021,Punjab,275759,226539,49220
9/3/2021,Punjab,246839,193804,53035
10/3/2021,Punjab,263332,207008,56324
11/3/2021,Punjab,269729,212869,56860
12/3/2021,Punjab,289983,228580,61403
13/03/2021,Punjab,308567,243904,64663
14/03/2021,Punjab,311048,246290,64758
15/03/2021,Punjab,335644,266837,68807
16/03/2021,Punjab,411080,338578,72502
17/03/2021,Punjab,466103,390818,75285
18/03/2021,Punjab,496341,417939,78402
19/03/2021,Punjab,530257,448570,81687
20/03/2021,Punjab,567812,483574,84238
21/03/2021,Punjab,578775,494076,84699
22/03/2021,Punjab,613264,525293,87971
23/03/2021,Punjab,649345,558275,91070
24/03/2021,Punjab,681673,588402,93271
25/03/2021,Punjab,719040,623062,95978
26/03/2021,Punjab,755002,657164,97838
27/03/2021,Punjab,802200,702391,99809
28/03/2021,Punjab,821912,721557,100355
29/03/2021,Punjab,842376,741177,101199
30/03/2021,Punjab,892969,788634,104335
31/03/2021,Punjab,944534,836310,108224
1/4/2021,Punjab,1004421,892880,111541
2/4/2021,Punjab,1076831,961706,115125
3/4/2021,Punjab,1152514,1033601,118913
4/4/2021,Punjab,1237974,1116418,121556
5/4/2021,Punjab,1310252,1184561,125691
6/4/2021,Punjab,1354171,1226129,128042
7/4/2021,Punjab,1469287,1334736,134551
8/4/2021,Punjab,1570863,1430914,139949
9/4/2021,Punjab,1672525,1526823,145702
10/4/2021,Punjab,1769540,1618233,151307
11/4/2021,Punjab,1844914,1690799,154115
12/4/2021,Punjab,1938682,1776693,161989
13/04/2021,Punjab,2002350,1835859,166491
14/04/2021,Punjab,2080326,1907408,172918
15/04/2021,Punjab,2165009,1981682,183327
16/04/2021,Punjab,2261353,2066797,194556
17/04/2021,Punjab,2352247,2145690,206557
18/04/2021,Punjab,2418071,2205031,213040
19/04/2021,Punjab,2507520,2279891,227629
20/04/2021,Punjab,2594737,2352465,242272
21/04/2021,Punjab,2657654,2403286,254368
22/04/2021,Punjab,2714945,2448621,266324
23/04/2021,Punjab,2811886,2526188,285698
24/04/2021,Punjab,2924267,2616660,307607
25/04/2021,Punjab,2995036,2676116,318920
26/04/2021,Punjab,3085641,2746637,339004
27/04/2021,Punjab,3131430,2779190,352240
28/04/2021,Punjab,3211403,2837315,374088
29/04/2021,Punjab,3292863,2896032,396831
30/04/2021,Punjab,3394080,2968888,425192
1/5/2021,Punjab,3465616,3022501,443115
2/5/2021,Punjab,3498524,3047712,450812
3/5/2021,Punjab,3535078,3073058,462020
4/5/2021,Punjab,3556000,3087605,468395
5/5/2021,Punjab,3636037,3137052,498985
6/5/2021,Punjab,3718025,3189159,528866
7/5/2021,Punjab,3790968,3234007,556961
8/5/2021,Punjab,3859741,3273867,585874
9/5/2021,Punjab,3900797,3298768,602029
10/5/2021,Punjab,3981861,3343731,638130
11/5/2021,Punjab,4065354,3392970,672384
12/5/2021,Punjab,4117718,3430867,686851
13/05/2021,Punjab,4157568,3460222,697346
14/05/2021,Punjab,4176283,3474171,702112
15/05/2021,Punjab,4195166,3488899,706267
16/05/2021,Punjab,4200672,3493453,707219
17/05/2021,Punjab,4209769,3500885,708884
18/05/2021,Punjab,4218012,3506609,711403
19/05/2021,Punjab,4239354,3526147,713207
20/05/2021,Punjab,4277807,3561644,716163
21/05/2021,Punjab,4315486,3594976,720510
22/05/2021,Punjab,4370063,3643648,726415
23/05/2021,Punjab,4395438,3664812,730626
24/05/2021,Punjab,4422709,3686593,736116
25/05/2021,Punjab,4449172,3704760,744412
26/05/2021,Punjab,4481288,3732629,748659
27/05/2021,Punjab,4505298,3752636,752662
28/05/2021,Punjab,4524754,3768211,756543
29/05/2021,Punjab,4568745,3807020,761725
30/05/2021,Punjab,4602591,3837481,765110
31/05/2021,Punjab,4639262,3868801,770461
1/6/2021,Punjab,4675210,3899387,775823
2/6/2021,Punjab,4712161,3932229,779932
3/6/2021,Punjab,4749239,3965188,784051
4/6/2021,Punjab,4809245,4020410,788835
5/6/2021,Punjab,4872289,4079301,792988
6/6/2021,Punjab,4911988,4117141,794847
7/6/2021,Punjab,4962200,4163128,799072
8/6/2021,Punjab,5010368,4207220,803148
9/6/2021,Punjab,5041984,4236020,805964
10/6/2021,Punjab,5070549,4261364,809185
11/6/2021,Punjab,5123208,4309836,813372
12/6/2021,Punjab,5187108,4370081,817027
13/06/2021,Punjab,5219611,4400382,819229
14/06/2021,Punjab,5246782,4424663,822119
15/06/2021,Punjab,5277700,4450734,826966
16/06/2021,Punjab,5299801,4468606,831195
17/06/2021,Punjab,5327778,4490513,837265
18/06/2021,Punjab,5356568,4513149,843419
19/06/2021,Punjab,5385524,4535431,850093
20/06/2021,Punjab,5422887,4565935,856952
21/06/2021,Punjab,5521994,4654728,867266
22/06/2021,Punjab,5647031,4764482,882549
23/06/2021,Punjab,5736250,4839891,896359
24/06/2021,Punjab,5844271,4929959,914312
25/06/2021,Punjab,5972116,5036271,935845
26/06/2021,Punjab,6114078,5146916,967162
27/06/2021,Punjab,6182574,5204384,978190
28/06/2021,Punjab,6230597,5242562,988035
29/06/2021,Punjab,6265875,5269832,996043
30/06/2021,Punjab,6292478,5289807,1002671
1/7/2021,Punjab,6314228,5307013,1007215
2/7/2021,Punjab,6346355,5327984,1018371
3/7/2021,Punjab,6894264,5710932,1183332
4/7/2021,Punjab,7017721,5800293,1217428
5/7/2021,Punjab,7070442,5835504,1234938
6/7/2021,Punjab,7095644,5853013,1242631
7/7/2021,Punjab,,,
8/7/2021,Punjab,,,
9/7/2021,Punjab,,,
10/7/2021,Punjab,,,
11/7/2021,Punjab,,,
12/7/2021,Punjab,,,
13/07/2021,Punjab,,,
14/07/2021,Punjab,,,
15/07/2021,Punjab,,,
16/01/2021,Rajasthan,3285,3285,0
17/01/2021,Rajasthan,3455,3455,0
18/01/2021,Rajasthan,4037,4037,0
19/01/2021,Rajasthan,13022,13022,0
20/01/2021,Rajasthan,13146,13146,0
21/01/2021,Rajasthan,13605,13605,0
22/01/2021,Rajasthan,24545,24545,0
23/01/2021,Rajasthan,47915,47915,0
24/01/2021,Rajasthan,74727,74727,0
25/01/2021,Rajasthan,141245,141245,0
26/01/2021,Rajasthan,141527,141527,0
27/01/2021,Rajasthan,218831,218831,0
28/01/2021,Rajasthan,239877,239877,0
29/01/2021,Rajasthan,302265,302265,0
30/01/2021,Rajasthan,307923,307923,0
31/01/2021,Rajasthan,309565,309565,0
1/2/2021,Rajasthan,313321,313321,0
2/2/2021,Rajasthan,319352,319352,0
3/2/2021,Rajasthan,343265,343265,0
4/2/2021,Rajasthan,364452,364452,0
5/2/2021,Rajasthan,392138,392138,0
6/2/2021,Rajasthan,434782,434782,0
7/2/2021,Rajasthan,436384,436384,0
8/2/2021,Rajasthan,462139,462139,0
9/2/2021,Rajasthan,467360,467360,0
10/2/2021,Rajasthan,534459,534459,0
11/2/2021,Rajasthan,566165,566165,0
12/2/2021,Rajasthan,582386,582386,0
13/02/2021,Rajasthan,585570,585570,0
14/02/2021,Rajasthan,586110,586110,0
15/02/2021,Rajasthan,611493,603314,8179
16/02/2021,Rajasthan,626481,612615,13866
17/02/2021,Rajasthan,747482,732921,14561
18/02/2021,Rajasthan,732405,717526,14879
19/02/2021,Rajasthan,790236,772221,18015
20/02/2021,Rajasthan,810063,773238,36825
21/02/2021,Rajasthan,810077,773239,36838
22/02/2021,Rajasthan,836494,773521,62973
23/02/2021,Rajasthan,866185,774043,92142
24/02/2021,Rajasthan,919887,774498,145389
25/02/2021,Rajasthan,939812,788094,151718
26/02/2021,Rajasthan,1010420,789478,220942
27/02/2021,Rajasthan,1010420,789478,220942
28/02/2021,Rajasthan,1010422,789480,220942
1/3/2021,Rajasthan,1010422,789480,220942
2/3/2021,Rajasthan,1213860,963857,250003
3/3/2021,Rajasthan,1423769,1160351,263418
4/3/2021,Rajasthan,1532359,1256310,276049
5/3/2021,Rajasthan,1783489,1486399,297090
6/3/2021,Rajasthan,2024053,1704633,319420
7/3/2021,Rajasthan,2037152,1716982,320170
8/3/2021,Rajasthan,2225610,1888485,337125
9/3/2021,Rajasthan,1960495,1603603,356892
10/3/2021,Rajasthan,2085412,1685982,399430
11/3/2021,Rajasthan,2089766,1689250,400516
12/3/2021,Rajasthan,2263958,1834674,429284
13/03/2021,Rajasthan,2446510,2002259,444251
14/03/2021,Rajasthan,2456156,2011583,444573
15/03/2021,Rajasthan,2649046,2190626,458420
16/03/2021,Rajasthan,3222996,2751567,471429
17/03/2021,Rajasthan,3624763,3045459,579304
18/03/2021,Rajasthan,3686399,3093912,592487
19/03/2021,Rajasthan,3936959,3315225,621734
20/03/2021,Rajasthan,4180576,3546499,634077
21/03/2021,Rajasthan,4219462,3584419,635043
22/03/2021,Rajasthan,4395920,3755021,640899
23/03/2021,Rajasthan,4641690,3995543,646147
24/03/2021,Rajasthan,4864027,4213791,650236
25/03/2021,Rajasthan,4936175,4282590,653585
26/03/2021,Rajasthan,5145466,4487127,658339
27/03/2021,Rajasthan,5333240,4671741,661499
28/03/2021,Rajasthan,5341604,4680019,661585
29/03/2021,Rajasthan,5341595,4680010,661585
30/03/2021,Rajasthan,5434584,4756460,678124
31/03/2021,Rajasthan,5570248,4866824,703424
1/4/2021,Rajasthan,5740300,5013880,726420
2/4/2021,Rajasthan,6080050,5313549,766501
3/4/2021,Rajasthan,6369889,5568003,801886
4/4/2021,Rajasthan,6802269,5958784,843485
5/4/2021,Rajasthan,7140844,6257503,883341
6/4/2021,Rajasthan,7456232,6542132,914100
7/4/2021,Rajasthan,8149121,7175412,973709
8/4/2021,Rajasthan,8802577,7767712,1034865
9/4/2021,Rajasthan,9242464,8164413,1078051
10/4/2021,Rajasthan,9563597,8448722,1114875
11/4/2021,Rajasthan,9715559,8581755,1133804
12/4/2021,Rajasthan,9924376,8758751,1165625
13/04/2021,Rajasthan,10080259,8885930,1194329
14/04/2021,Rajasthan,10223602,8996238,1227364
15/04/2021,Rajasthan,10357687,9093355,1264332
16/04/2021,Rajasthan,10522686,9206593,1316093
17/04/2021,Rajasthan,10696255,9330653,1365602
18/04/2021,Rajasthan,10883172,9457932,1425240
19/04/2021,Rajasthan,11190106,9659550,1530556
20/04/2021,Rajasthan,11450316,9828071,1622245
21/04/2021,Rajasthan,11649150,9952126,1697024
22/04/2021,Rajasthan,11834881,10068970,1765911
23/04/2021,Rajasthan,12009834,10178146,1831688
24/04/2021,Rajasthan,12207116,10298265,1908851
25/04/2021,Rajasthan,12347726,10388394,1959332
26/04/2021,Rajasthan,12541830,10507761,2034069
27/04/2021,Rajasthan,12659945,10578840,2081105
28/04/2021,Rajasthan,12811445,10669656,2141789
29/04/2021,Rajasthan,12936289,10745384,2190905
30/04/2021,Rajasthan,13021948,10797155,2224793
1/5/2021,Rajasthan,13084309,10835900,2248409
2/5/2021,Rajasthan,13173409,10894243,2279166
3/5/2021,Rajasthan,13351069,11008158,2342911
4/5/2021,Rajasthan,13497182,11108037,2389145
5/5/2021,Rajasthan,13626322,11195379,2430943
6/5/2021,Rajasthan,13736919,11266670,2470249
7/5/2021,Rajasthan,13891493,11346992,2544501
8/5/2021,Rajasthan,14086593,11435174,2651419
9/5/2021,Rajasthan,14177991,11498654,2679337
10/5/2021,Rajasthan,14374162,11636945,2737217
11/5/2021,Rajasthan,14626660,11777805,2848855
12/5/2021,Rajasthan,14811519,11907840,2903679
13/05/2021,Rajasthan,14934512,11987039,2947473
14/05/2021,Rajasthan,14991949,12027499,2964450
15/05/2021,Rajasthan,15135482,12151403,2984079
16/05/2021,Rajasthan,15249948,12264148,2985800
17/05/2021,Rajasthan,15414928,12424705,2990223
18/05/2021,Rajasthan,15544817,12550082,2994735
19/05/2021,Rajasthan,15625438,12624961,3000477
20/05/2021,Rajasthan,15709931,12703604,3006327
21/05/2021,Rajasthan,15819042,12802925,3016117
22/05/2021,Rajasthan,15944503,12918449,3026054
23/05/2021,Rajasthan,16036018,13005679,3030339
24/05/2021,Rajasthan,16186100,13146014,3040086
25/05/2021,Rajasthan,16287494,13236338,3051156
26/05/2021,Rajasthan,16367035,13307746,3059289
27/05/2021,Rajasthan,16429431,13364120,3065311
28/05/2021,Rajasthan,16554847,13476246,3078601
29/05/2021,Rajasthan,16759793,13668689,3091104
30/05/2021,Rajasthan,16865658,13767364,3098294
31/05/2021,Rajasthan,17016331,13900165,3116166
1/6/2021,Rajasthan,17124031,13990636,3133395
2/6/2021,Rajasthan,17240714,14090093,3150621
3/6/2021,Rajasthan,17334159,14169376,3164783
4/6/2021,Rajasthan,17488910,14298417,3190493
5/6/2021,Rajasthan,17662091,14444962,3217129
6/6/2021,Rajasthan,17743175,14513474,3229701
7/6/2021,Rajasthan,17872011,14615154,3256857
8/6/2021,Rajasthan,18040679,14759272,3281407
9/6/2021,Rajasthan,18484841,15186893,3297948
10/6/2021,Rajasthan,18832537,15524081,3308456
11/6/2021,Rajasthan,19292726,15970989,3321737
12/6/2021,Rajasthan,19606991,16273082,3333909
13/06/2021,Rajasthan,19721553,16383144,3338409
14/06/2021,Rajasthan,19895554,16548285,3347269
15/06/2021,Rajasthan,19990335,16636379,3353956
16/06/2021,Rajasthan,20042703,16682442,3360261
17/06/2021,Rajasthan,20286459,16920784,3365675
18/06/2021,Rajasthan,20630839,17259146,3371693
19/06/2021,Rajasthan,20869269,17479778,3389491
20/06/2021,Rajasthan,21238176,17808082,3430094
21/06/2021,Rajasthan,21713044,18233535,3479509
22/06/2021,Rajasthan,22139075,18591445,3547630
23/06/2021,Rajasthan,22498043,18905925,3592118
24/06/2021,Rajasthan,22714675,19090259,3624416
25/06/2021,Rajasthan,23669169,19929199,3739970
26/06/2021,Rajasthan,23987142,20190615,3796527
27/06/2021,Rajasthan,24251293,20412715,3838578
28/06/2021,Rajasthan,24438759,20555847,3882912
29/06/2021,Rajasthan,24548916,20634921,3913995
30/06/2021,Rajasthan,24731046,20750495,3980551
1/7/2021,Rajasthan,24802226,20795259,4006967
2/7/2021,Rajasthan,24887697,20857470,4030227
3/7/2021,Rajasthan,25666108,21329040,4337068
4/7/2021,Rajasthan,25769650,21401946,4367704
5/7/2021,Rajasthan,25821446,21436551,4384895
6/7/2021,Rajasthan,25848234,21454435,4393799
7/7/2021,Rajasthan,,,
8/7/2021,Rajasthan,,,
9/7/2021,Rajasthan,,,
10/7/2021,Rajasthan,,,
11/7/2021,Rajasthan,,,
12/7/2021,Rajasthan,,,
13/07/2021,Rajasthan,,,
14/07/2021,Rajasthan,,,
15/07/2021,Rajasthan,,,
16/01/2021,Sikkim,7,7,0
17/01/2021,Sikkim,7,7,0
18/01/2021,Sikkim,7,7,0
19/01/2021,Sikkim,38,38,0
20/01/2021,Sikkim,62,62,0
21/01/2021,Sikkim,186,186,0
22/01/2021,Sikkim,296,296,0
23/01/2021,Sikkim,299,299,0
24/01/2021,Sikkim,309,309,0
25/01/2021,Sikkim,477,477,0
26/01/2021,Sikkim,490,490,0
27/01/2021,Sikkim,964,964,0
28/01/2021,Sikkim,1431,1431,0
29/01/2021,Sikkim,1707,1707,0
30/01/2021,Sikkim,1707,1707,0
31/01/2021,Sikkim,1709,1709,0
1/2/2021,Sikkim,1855,1855,0
2/2/2021,Sikkim,2336,2336,0
3/2/2021,Sikkim,3084,3084,0
4/2/2021,Sikkim,3923,3923,0
5/2/2021,Sikkim,4857,4857,0
6/2/2021,Sikkim,5089,5089,0
7/2/2021,Sikkim,5090,5090,0
8/2/2021,Sikkim,5726,5726,0
9/2/2021,Sikkim,6653,6653,0
10/2/2021,Sikkim,7478,7478,0
11/2/2021,Sikkim,8022,8022,0
12/2/2021,Sikkim,8041,8041,0
13/02/2021,Sikkim,8042,8042,0
14/02/2021,Sikkim,8042,8042,0
15/02/2021,Sikkim,8252,8252,0
16/02/2021,Sikkim,9006,8849,157
17/02/2021,Sikkim,9714,9463,251
18/02/2021,Sikkim,10339,9981,358
19/02/2021,Sikkim,11993,11296,697
20/02/2021,Sikkim,12921,12222,699
21/02/2021,Sikkim,12921,12222,699
22/02/2021,Sikkim,14550,13766,784
23/02/2021,Sikkim,16146,15194,952
24/02/2021,Sikkim,17456,16382,1074
25/02/2021,Sikkim,18535,17286,1249
26/02/2021,Sikkim,19112,17647,1465
27/02/2021,Sikkim,19112,17647,1465
28/02/2021,Sikkim,19112,17647,1465
1/3/2021,Sikkim,19112,17647,1465
2/3/2021,Sikkim,20991,18890,2101
3/3/2021,Sikkim,22602,20235,2367
4/3/2021,Sikkim,24622,21853,2769
5/3/2021,Sikkim,27446,23624,3822
6/3/2021,Sikkim,29477,25221,4256
7/3/2021,Sikkim,29477,25221,4256
8/3/2021,Sikkim,33038,27834,5204
9/3/2021,Sikkim,30915,24975,5940
10/3/2021,Sikkim,34629,28118,6511
11/3/2021,Sikkim,38361,31053,7308
12/3/2021,Sikkim,41096,33511,7585
13/03/2021,Sikkim,41351,33766,7585
14/03/2021,Sikkim,41351,33766,7585
15/03/2021,Sikkim,44207,36344,7863
16/03/2021,Sikkim,50954,42816,8138
17/03/2021,Sikkim,54631,46124,8507
18/03/2021,Sikkim,57312,48290,9022
19/03/2021,Sikkim,59889,50370,9519
20/03/2021,Sikkim,61649,51788,9861
21/03/2021,Sikkim,61716,51854,9862
22/03/2021,Sikkim,64495,53523,10972
23/03/2021,Sikkim,67281,55534,11747
24/03/2021,Sikkim,69288,57257,12031
25/03/2021,Sikkim,71024,58846,12178
26/03/2021,Sikkim,72788,60509,12279
27/03/2021,Sikkim,72814,60535,12279
28/03/2021,Sikkim,72815,60536,12279
29/03/2021,Sikkim,72815,60536,12279
30/03/2021,Sikkim,73752,61317,12435
31/03/2021,Sikkim,74191,61697,12494
1/4/2021,Sikkim,77314,64678,12636
2/4/2021,Sikkim,78293,65631,12662
3/4/2021,Sikkim,78880,66218,12662
4/4/2021,Sikkim,79192,66530,12662
5/4/2021,Sikkim,82059,69217,12842
6/4/2021,Sikkim,85747,72723,13024
7/4/2021,Sikkim,94426,80892,13534
8/4/2021,Sikkim,104473,90081,14392
9/4/2021,Sikkim,112414,97386,15028
10/4/2021,Sikkim,115201,99963,15238
11/4/2021,Sikkim,117171,101795,15376
12/4/2021,Sikkim,125831,109886,15945
13/04/2021,Sikkim,135455,118962,16493
14/04/2021,Sikkim,141777,124532,17245
15/04/2021,Sikkim,148555,130118,18437
16/04/2021,Sikkim,155241,135490,19751
17/04/2021,Sikkim,160123,139394,20729
18/04/2021,Sikkim,161058,140119,20939
19/04/2021,Sikkim,166609,143952,22657
20/04/2021,Sikkim,171123,146868,24255
21/04/2021,Sikkim,172465,147787,24678
22/04/2021,Sikkim,177162,149886,27276
23/04/2021,Sikkim,182621,152278,30343
24/04/2021,Sikkim,185449,153579,31870
25/04/2021,Sikkim,185895,153939,31956
26/04/2021,Sikkim,189953,155696,34257
27/04/2021,Sikkim,193834,157168,36666
28/04/2021,Sikkim,196919,158440,38479
29/04/2021,Sikkim,200586,159827,40759
30/04/2021,Sikkim,203966,161083,42883
1/5/2021,Sikkim,204960,161364,43596
2/5/2021,Sikkim,204990,161376,43614
3/5/2021,Sikkim,207754,162016,45738
4/5/2021,Sikkim,210281,162666,47615
5/5/2021,Sikkim,212688,163194,49494
6/5/2021,Sikkim,215456,164073,51383
7/5/2021,Sikkim,218368,164598,53770
8/5/2021,Sikkim,219141,164772,54369
9/5/2021,Sikkim,219312,164805,54507
10/5/2021,Sikkim,221248,165201,56047
11/5/2021,Sikkim,222448,165440,57008
12/5/2021,Sikkim,223154,165669,57485
13/05/2021,Sikkim,224984,165948,59036
14/05/2021,Sikkim,225702,166119,59583
15/05/2021,Sikkim,225794,166200,59594
16/05/2021,Sikkim,226156,166562,59594
17/05/2021,Sikkim,226891,167276,59615
18/05/2021,Sikkim,227622,168003,59619
19/05/2021,Sikkim,229107,169488,59619
20/05/2021,Sikkim,230980,171357,59623
21/05/2021,Sikkim,232718,173083,59635
22/05/2021,Sikkim,234303,174666,59637
23/05/2021,Sikkim,234303,174666,59637
24/05/2021,Sikkim,235593,175956,59637
25/05/2021,Sikkim,236874,177233,59641
26/05/2021,Sikkim,237959,178318,59641
27/05/2021,Sikkim,238715,179072,59643
28/05/2021,Sikkim,238828,179180,59648
29/05/2021,Sikkim,238891,179238,59653
30/05/2021,Sikkim,238891,179238,59653
31/05/2021,Sikkim,238983,179322,59661
1/6/2021,Sikkim,239043,179370,59673
2/6/2021,Sikkim,239174,179483,59691
3/6/2021,Sikkim,239355,179658,59697
4/6/2021,Sikkim,239548,179835,59713
5/6/2021,Sikkim,239628,179914,59714
6/6/2021,Sikkim,239779,180065,59714
7/6/2021,Sikkim,240036,180310,59726
8/6/2021,Sikkim,240711,180973,59738
9/6/2021,Sikkim,244354,184590,59764
10/6/2021,Sikkim,252346,192568,59778
11/6/2021,Sikkim,264968,205177,59791
12/6/2021,Sikkim,273389,213590,59799
13/06/2021,Sikkim,273567,213768,59799
14/06/2021,Sikkim,286462,226626,59836
15/06/2021,Sikkim,302373,242535,59838
16/06/2021,Sikkim,317335,257485,59850
17/06/2021,Sikkim,331827,271946,59881
18/06/2021,Sikkim,347391,287492,59899
19/06/2021,Sikkim,358633,298722,59911
20/06/2021,Sikkim,359435,299524,59911
21/06/2021,Sikkim,371403,311460,59943
22/06/2021,Sikkim,385331,325348,59983
23/06/2021,Sikkim,397182,337151,60031
24/06/2021,Sikkim,409995,349190,60805
25/06/2021,Sikkim,423563,362037,61526
26/06/2021,Sikkim,433131,371534,61597
27/06/2021,Sikkim,433136,371539,61597
28/06/2021,Sikkim,448770,384196,64574
29/06/2021,Sikkim,462454,394505,67949
30/06/2021,Sikkim,473810,401506,72304
1/7/2021,Sikkim,483470,407286,76184
2/7/2021,Sikkim,493534,411724,81810
3/7/2021,Sikkim,501578,416397,85181
4/7/2021,Sikkim,501580,416397,85183
5/7/2021,Sikkim,515248,423054,92194
6/7/2021,Sikkim,527470,428512,98958
7/7/2021,Sikkim,,,
8/7/2021,Sikkim,,,
9/7/2021,Sikkim,,,
10/7/2021,Sikkim,,,
11/7/2021,Sikkim,,,
12/7/2021,Sikkim,,,
13/07/2021,Sikkim,,,
14/07/2021,Sikkim,,,
15/07/2021,Sikkim,,,
16/01/2021,Tamil Nadu,1167,1167,0
17/01/2021,Tamil Nadu,1745,1745,0
18/01/2021,Tamil Nadu,2861,2861,0
19/01/2021,Tamil Nadu,6154,6154,0
20/01/2021,Tamil Nadu,9060,9060,0
21/01/2021,Tamil Nadu,15654,15654,0
22/01/2021,Tamil Nadu,23659,23659,0
23/01/2021,Tamil Nadu,31127,31127,0
24/01/2021,Tamil Nadu,35144,35144,0
25/01/2021,Tamil Nadu,41396,41396,0
26/01/2021,Tamil Nadu,46310,46310,0
27/01/2021,Tamil Nadu,54195,54195,0
28/01/2021,Tamil Nadu,61290,61290,0
29/01/2021,Tamil Nadu,66918,66918,0
30/01/2021,Tamil Nadu,76934,76934,0
31/01/2021,Tamil Nadu,77809,77809,0
1/2/2021,Tamil Nadu,85002,85002,0
2/2/2021,Tamil Nadu,91094,91094,0
3/2/2021,Tamil Nadu,98750,98750,0
4/2/2021,Tamil Nadu,107904,107904,0
5/2/2021,Tamil Nadu,116857,116857,0
6/2/2021,Tamil Nadu,126381,126381,0
7/2/2021,Tamil Nadu,127289,127289,0
8/2/2021,Tamil Nadu,139024,139024,0
9/2/2021,Tamil Nadu,150915,150915,0
10/2/2021,Tamil Nadu,162412,162412,0
11/2/2021,Tamil Nadu,173368,173368,0
12/2/2021,Tamil Nadu,184565,184565,0
13/02/2021,Tamil Nadu,195870,195203,667
14/02/2021,Tamil Nadu,196467,195796,671
15/02/2021,Tamil Nadu,205097,203921,1176
16/02/2021,Tamil Nadu,215964,213823,2141
17/02/2021,Tamil Nadu,227737,224158,3579
18/02/2021,Tamil Nadu,234412,228388,6024
19/02/2021,Tamil Nadu,256388,246203,10185
20/02/2021,Tamil Nadu,269873,255918,13955
21/02/2021,Tamil Nadu,270487,256365,14122
22/02/2021,Tamil Nadu,280847,262213,18634
23/02/2021,Tamil Nadu,291582,268486,23096
24/02/2021,Tamil Nadu,300604,273618,26986
25/02/2021,Tamil Nadu,308895,278432,30463
26/02/2021,Tamil Nadu,319966,284640,35326
27/02/2021,Tamil Nadu,319966,284640,35326
28/02/2021,Tamil Nadu,319966,284640,35326
1/3/2021,Tamil Nadu,319966,284640,35326
2/3/2021,Tamil Nadu,357600,315543,42057
3/3/2021,Tamil Nadu,400506,353429,47077
4/3/2021,Tamil Nadu,455609,404222,51387
5/3/2021,Tamil Nadu,532154,474441,57713
6/3/2021,Tamil Nadu,619615,554443,65172
7/3/2021,Tamil Nadu,646341,579008,67333
8/3/2021,Tamil Nadu,732192,658443,73749
9/3/2021,Tamil Nadu,733464,651487,81977
10/3/2021,Tamil Nadu,820208,729539,90669
11/3/2021,Tamil Nadu,905294,805176,100118
12/3/2021,Tamil Nadu,996547,887006,109541
13/03/2021,Tamil Nadu,1086617,967045,119572
14/03/2021,Tamil Nadu,1108284,987144,121140
15/03/2021,Tamil Nadu,1205503,1075960,129543
16/03/2021,Tamil Nadu,1423843,1282816,141027
17/03/2021,Tamil Nadu,1581558,1429800,151758
18/03/2021,Tamil Nadu,1695339,1533516,161823
19/03/2021,Tamil Nadu,1814949,1642080,172869
20/03/2021,Tamil Nadu,1941168,1757406,183762
21/03/2021,Tamil Nadu,1988556,1801246,187310
22/03/2021,Tamil Nadu,2085366,1889774,195592
23/03/2021,Tamil Nadu,2217917,2011826,206091
24/03/2021,Tamil Nadu,2317475,2105533,211942
25/03/2021,Tamil Nadu,2422220,2204055,218165
26/03/2021,Tamil Nadu,2527792,2302650,225142
27/03/2021,Tamil Nadu,2632190,2401267,230923
28/03/2021,Tamil Nadu,2653179,2421436,231743
29/03/2021,Tamil Nadu,2748044,2509568,238476
30/03/2021,Tamil Nadu,2829551,2583284,246267
31/03/2021,Tamil Nadu,2905435,2650411,255024
1/4/2021,Tamil Nadu,2965312,2703180,262132
2/4/2021,Tamil Nadu,3046904,2774534,272370
3/4/2021,Tamil Nadu,3101889,2821427,280462
4/4/2021,Tamil Nadu,3141884,2855222,286662
5/4/2021,Tamil Nadu,3187087,2892174,294913
6/4/2021,Tamil Nadu,3219359,2918808,300551
7/4/2021,Tamil Nadu,3280537,2967647,312890
8/4/2021,Tamil Nadu,3400924,3061151,339773
9/4/2021,Tamil Nadu,3532446,3166812,365634
10/4/2021,Tamil Nadu,3665295,3274164,391131
11/4/2021,Tamil Nadu,3714682,3316055,398627
12/4/2021,Tamil Nadu,3880228,3449290,430938
13/04/2021,Tamil Nadu,4019326,3565954,453372
14/04/2021,Tamil Nadu,4110125,3641043,469082
15/04/2021,Tamil Nadu,4315785,3801731,514054
16/04/2021,Tamil Nadu,4528836,3966587,562249
17/04/2021,Tamil Nadu,4669044,4063643,605401
18/04/2021,Tamil Nadu,4710862,4090953,619909
19/04/2021,Tamil Nadu,4813376,4147072,666304
20/04/2021,Tamil Nadu,4892064,4187565,704499
21/04/2021,Tamil Nadu,4965564,4223251,742313
22/04/2021,Tamil Nadu,5075681,4268889,806792
23/04/2021,Tamil Nadu,5205556,4323326,882230
24/04/2021,Tamil Nadu,5327915,4376661,951254
25/04/2021,Tamil Nadu,5351073,4388384,962689
26/04/2021,Tamil Nadu,5483332,4440291,1043041
27/04/2021,Tamil Nadu,5624732,4495630,1129102
28/04/2021,Tamil Nadu,5740648,4544279,1196369
29/04/2021,Tamil Nadu,5845197,4589747,1255450
30/04/2021,Tamil Nadu,5947056,4635084,1311972
1/5/2021,Tamil Nadu,6030884,4671707,1359177
2/5/2021,Tamil Nadu,6046415,4679335,1367080
3/5/2021,Tamil Nadu,6135244,4716835,1418409
4/5/2021,Tamil Nadu,6210666,4750360,1460306
5/5/2021,Tamil Nadu,6279062,4781479,1497583
6/5/2021,Tamil Nadu,6379188,4823176,1556012
7/5/2021,Tamil Nadu,6478830,4866561,1612269
8/5/2021,Tamil Nadu,6546261,4895451,1650810
9/5/2021,Tamil Nadu,6569914,4906062,1663852
10/5/2021,Tamil Nadu,6676837,4951333,1725504
11/5/2021,Tamil Nadu,6762623,4991388,1771235
12/5/2021,Tamil Nadu,6851406,5037596,1813810
13/05/2021,Tamil Nadu,6951309,5092140,1859169
14/05/2021,Tamil Nadu,7009930,5126070,1883860
15/05/2021,Tamil Nadu,7074066,5162834,1911232
16/05/2021,Tamil Nadu,7088176,5172965,1915211
17/05/2021,Tamil Nadu,7145700,5216811,1928889
18/05/2021,Tamil Nadu,7194563,5255610,1938953
19/05/2021,Tamil Nadu,7238986,5292027,1946959
20/05/2021,Tamil Nadu,7281385,5328713,1952672
21/05/2021,Tamil Nadu,7324570,5366882,1957688
22/05/2021,Tamil Nadu,7376365,5414503,1961862
23/05/2021,Tamil Nadu,7391550,5428452,1963098
24/05/2021,Tamil Nadu,7474446,5507417,1967029
25/05/2021,Tamil Nadu,7661541,5690306,1971235
26/05/2021,Tamil Nadu,7911981,5937633,1974348
27/05/2021,Tamil Nadu,8207573,6228593,1978980
28/05/2021,Tamil Nadu,8515660,6520208,1995452
29/05/2021,Tamil Nadu,8794771,6781739,2013032
30/05/2021,Tamil Nadu,8893998,6875084,2018914
31/05/2021,Tamil Nadu,9095854,7063107,2032747
1/6/2021,Tamil Nadu,9240004,7190142,2049862
2/6/2021,Tamil Nadu,9349171,7286844,2062327
3/6/2021,Tamil Nadu,9620641,7545710,2074931
4/6/2021,Tamil Nadu,9876220,7790199,2086021
5/6/2021,Tamil Nadu,10018873,7924700,2094173
6/6/2021,Tamil Nadu,10069493,7972482,2097011
7/6/2021,Tamil Nadu,10135731,8031685,2104046
8/6/2021,Tamil Nadu,10185541,8076791,2108750
9/6/2021,Tamil Nadu,10228792,8116108,2112684
10/6/2021,Tamil Nadu,10272414,8156189,2116225
11/6/2021,Tamil Nadu,10340158,8215741,2124417
12/6/2021,Tamil Nadu,10648430,8503345,2145085
13/06/2021,Tamil Nadu,10866186,8711904,2154282
14/06/2021,Tamil Nadu,11147886,8976866,2171020
15/06/2021,Tamil Nadu,11285738,9104491,2181247
16/06/2021,Tamil Nadu,11643851,9441618,2202233
17/06/2021,Tamil Nadu,11935112,9713059,2222053
18/06/2021,Tamil Nadu,12148674,9911018,2237656
19/06/2021,Tamil Nadu,12498914,10238404,2260510
20/06/2021,Tamil Nadu,12701415,10429212,2272203
21/06/2021,Tamil Nadu,13106666,10807056,2299610
22/06/2021,Tamil Nadu,13414792,11092832,2321960
23/06/2021,Tamil Nadu,13636788,11289696,2347092
24/06/2021,Tamil Nadu,14048419,11658908,2389511
25/06/2021,Tamil Nadu,14478557,12056330,2422227
26/06/2021,Tamil Nadu,14890041,12420061,2469980
27/06/2021,Tamil Nadu,15021946,12535263,2486683
28/06/2021,Tamil Nadu,15231397,12716906,2514491
29/06/2021,Tamil Nadu,15510424,12963745,2546679
30/06/2021,Tamil Nadu,15642085,13072807,2569278
1/7/2021,Tamil Nadu,15859592,13260693,2598899
2/7/2021,Tamil Nadu,16171046,13523115,2647931
3/7/2021,Tamil Nadu,16636165,13922204,2713961
4/7/2021,Tamil Nadu,16747198,14014851,2732347
5/7/2021,Tamil Nadu,16920558,14153278,2767280
6/7/2021,Tamil Nadu,17017222,14224524,2792698
7/7/2021,Tamil Nadu,,,
8/7/2021,Tamil Nadu,,,
9/7/2021,Tamil Nadu,,,
10/7/2021,Tamil Nadu,,,
11/7/2021,Tamil Nadu,,,
12/7/2021,Tamil Nadu,,,
13/07/2021,Tamil Nadu,,,
14/07/2021,Tamil Nadu,,,
15/07/2021,Tamil Nadu,,,
16/01/2021,Telangana,317,317,0
17/01/2021,Telangana,437,437,0
18/01/2021,Telangana,2463,2463,0
19/01/2021,Telangana,11169,11169,0
20/01/2021,Telangana,11291,11291,0
21/01/2021,Telangana,17837,17837,0
22/01/2021,Telangana,24830,24830,0
23/01/2021,Telangana,26183,26183,0
24/01/2021,Telangana,27829,27829,0
25/01/2021,Telangana,50646,50646,0
26/01/2021,Telangana,51194,51194,0
27/01/2021,Telangana,58306,58306,0
28/01/2021,Telangana,78713,78713,0
29/01/2021,Telangana,92418,92418,0
30/01/2021,Telangana,95000,95000,0
31/01/2021,Telangana,95057,95057,0
1/2/2021,Telangana,95234,95234,0
2/2/2021,Telangana,96413,96413,0
3/2/2021,Telangana,103183,103183,0
4/2/2021,Telangana,114647,114647,0
5/2/2021,Telangana,121588,121588,0
6/2/2021,Telangana,135977,135977,0
7/2/2021,Telangana,136225,136225,0
8/2/2021,Telangana,156285,156285,0
9/2/2021,Telangana,171308,171308,0
10/2/2021,Telangana,186195,186195,0
11/2/2021,Telangana,198677,198677,0
12/2/2021,Telangana,206864,206864,0
13/02/2021,Telangana,211719,209790,1929
14/02/2021,Telangana,212538,210201,2337
15/02/2021,Telangana,231322,219843,11479
16/02/2021,Telangana,290997,250141,40856
17/02/2021,Telangana,291913,250649,41264
18/02/2021,Telangana,325420,260486,64934
19/02/2021,Telangana,355287,276506,78781
20/02/2021,Telangana,357179,277517,79662
21/02/2021,Telangana,357467,277539,79928
22/02/2021,Telangana,376262,278786,97476
23/02/2021,Telangana,377711,279390,98321
24/02/2021,Telangana,379363,281009,98354
25/02/2021,Telangana,400394,283924,116470
26/02/2021,Telangana,419089,291425,127664
27/02/2021,Telangana,419089,291425,127664
28/02/2021,Telangana,419089,291425,127664
1/3/2021,Telangana,419089,291425,127664
2/3/2021,Telangana,426555,297234,129321
3/3/2021,Telangana,438614,306322,132292
4/3/2021,Telangana,462808,322444,140364
5/3/2021,Telangana,488204,341073,147131
6/3/2021,Telangana,520798,362082,158716
7/3/2021,Telangana,522369,363597,158772
8/3/2021,Telangana,561227,389985,171242
9/3/2021,Telangana,424673,241595,183078
10/3/2021,Telangana,447836,256024,191812
11/3/2021,Telangana,451366,259321,192045
12/3/2021,Telangana,480210,275371,204839
13/03/2021,Telangana,496264,288451,207813
14/03/2021,Telangana,498020,290186,207834
15/03/2021,Telangana,528117,315832,212285
16/03/2021,Telangana,722573,507868,214705
17/03/2021,Telangana,845902,630011,215891
18/03/2021,Telangana,878581,661459,217122
19/03/2021,Telangana,906927,688667,218260
20/03/2021,Telangana,939941,720396,219545
21/03/2021,Telangana,943919,724262,219657
22/03/2021,Telangana,979723,758722,221001
23/03/2021,Telangana,1016879,793939,222940
24/03/2021,Telangana,1051931,828174,223757
25/03/2021,Telangana,1093196,867030,226166
26/03/2021,Telangana,1134829,905529,229300
27/03/2021,Telangana,1171066,940796,230270
28/03/2021,Telangana,1173165,942868,230297
29/03/2021,Telangana,1186001,955419,230582
30/03/2021,Telangana,1231006,997601,233405
31/03/2021,Telangana,1267237,1030664,236573
1/4/2021,Telangana,1317924,1077830,240094
2/4/2021,Telangana,1384865,1140121,244744
3/4/2021,Telangana,1434779,1185843,248936
4/4/2021,Telangana,1478863,1227030,251833
5/4/2021,Telangana,1534833,1278480,256353
6/4/2021,Telangana,1573611,1313584,260027
7/4/2021,Telangana,1676020,1405944,270076
8/4/2021,Telangana,1783117,1504570,278547
9/4/2021,Telangana,1898182,1611380,286802
10/4/2021,Telangana,2059925,1763427,296498
11/4/2021,Telangana,2161186,1861282,299904
12/4/2021,Telangana,2292040,1982573,309467
13/04/2021,Telangana,2318151,2006982,311169
14/04/2021,Telangana,2452611,2129490,323121
15/04/2021,Telangana,2621835,2283343,338492
16/04/2021,Telangana,2802063,2447626,354437
17/04/2021,Telangana,2952245,2584964,367281
18/04/2021,Telangana,2960202,2591096,369106
19/04/2021,Telangana,3132540,2742005,390535
20/04/2021,Telangana,3272099,2861258,410841
21/04/2021,Telangana,3394643,2965467,429176
22/04/2021,Telangana,3604586,3148315,456271
23/04/2021,Telangana,3811861,3332501,479360
24/04/2021,Telangana,4003828,3500047,503781
25/04/2021,Telangana,4071469,3559142,512327
26/04/2021,Telangana,4286975,3744656,542319
27/04/2021,Telangana,4400003,3837190,562813
28/04/2021,Telangana,4542064,3955399,586665
29/04/2021,Telangana,4612780,4010610,602170
30/04/2021,Telangana,4780184,4151762,628422
1/5/2021,Telangana,4787544,4157933,629611
2/5/2021,Telangana,4787811,4158090,629721
3/5/2021,Telangana,4815920,4178677,637243
4/5/2021,Telangana,4881513,4227755,653758
5/5/2021,Telangana,4960587,4275187,685400
6/5/2021,Telangana,5042065,4325903,716162
7/5/2021,Telangana,5122572,4376415,746157
8/5/2021,Telangana,5202960,4388638,814322
9/5/2021,Telangana,5205226,4389592,815634
10/5/2021,Telangana,5313900,4406542,907358
11/5/2021,Telangana,5406513,4422419,984094
12/5/2021,Telangana,5440783,4432324,1008459
13/05/2021,Telangana,5479812,4442464,1037348
14/05/2021,Telangana,5513553,4450029,1063524
15/05/2021,Telangana,5513738,4450028,1063710
16/05/2021,Telangana,5513723,4450013,1063710
17/05/2021,Telangana,5514512,4450594,1063918
18/05/2021,Telangana,5516590,4451311,1065279
19/05/2021,Telangana,5519773,4451824,1067949
20/05/2021,Telangana,5523167,4452572,1070595
21/05/2021,Telangana,5523980,4453033,1070947
22/05/2021,Telangana,5526806,4453425,1073381
23/05/2021,Telangana,5527533,4453837,1073696
24/05/2021,Telangana,5530377,4454485,1075892
25/05/2021,Telangana,5589800,4462811,1126989
26/05/2021,Telangana,5653872,4477983,1175889
27/05/2021,Telangana,5704158,4495506,1208652
28/05/2021,Telangana,5807342,4577957,1229385
29/05/2021,Telangana,5918092,4672773,1245319
30/05/2021,Telangana,5985460,4737360,1248100
31/05/2021,Telangana,6064809,4802730,1262079
1/6/2021,Telangana,6151360,4878994,1272366
2/6/2021,Telangana,6226923,4947737,1279186
3/6/2021,Telangana,6320774,5033655,1287119
4/6/2021,Telangana,6428387,5133125,1295262
5/6/2021,Telangana,6577056,5274798,1302258
6/6/2021,Telangana,6695588,5391957,1303631
7/6/2021,Telangana,6865466,5554284,1311182
8/6/2021,Telangana,7046084,5728537,1317547
9/6/2021,Telangana,7224148,5900344,1323804
10/6/2021,Telangana,7404779,6074863,1329916
11/6/2021,Telangana,7616140,6279779,1336361
12/6/2021,Telangana,7830864,6488020,1342844
13/06/2021,Telangana,7981120,6636883,1344237
14/06/2021,Telangana,8167470,6817886,1349584
15/06/2021,Telangana,8333524,6979076,1354448
16/06/2021,Telangana,8511947,7151956,1359991
17/06/2021,Telangana,8694842,7327371,1367471
18/06/2021,Telangana,8874911,7499623,1375288
19/06/2021,Telangana,9069710,7684311,1385399
20/06/2021,Telangana,9173921,7785158,1388763
21/06/2021,Telangana,9327568,7928931,1398637
22/06/2021,Telangana,9486520,8076582,1409938
23/06/2021,Telangana,9654533,8233390,1421143
24/06/2021,Telangana,9865603,8430040,1435563
25/06/2021,Telangana,10082372,8632930,1449442
26/06/2021,Telangana,10326965,8850210,1476755
27/06/2021,Telangana,10431095,8945567,1485528
28/06/2021,Telangana,10654325,9139505,1514820
29/06/2021,Telangana,10874672,9329183,1545489
30/06/2021,Telangana,11071415,9493724,1577691
1/7/2021,Telangana,11240416,9636141,1604275
2/7/2021,Telangana,11423209,9783478,1639731
3/7/2021,Telangana,11631502,9939364,1692138
4/7/2021,Telangana,11648353,9945428,1702925
5/7/2021,Telangana,11830169,10077461,1752708
6/7/2021,Telangana,11966330,10173744,1792586
7/7/2021,Telangana,,,
8/7/2021,Telangana,,,
9/7/2021,Telangana,,,
10/7/2021,Telangana,,,
11/7/2021,Telangana,,,
12/7/2021,Telangana,,,
13/07/2021,Telangana,,,
14/07/2021,Telangana,,,
15/07/2021,Telangana,,,
16/01/2021,Tripura,107,107,0
17/01/2021,Tripura,107,107,0
18/01/2021,Tripura,230,230,0
19/01/2021,Tripura,681,681,0
20/01/2021,Tripura,687,687,0
21/01/2021,Tripura,1812,1812,0
22/01/2021,Tripura,3321,3321,0
23/01/2021,Tripura,3349,3349,0
24/01/2021,Tripura,3774,3774,0
25/01/2021,Tripura,9693,9693,0
26/01/2021,Tripura,9946,9946,0
27/01/2021,Tripura,12366,12366,0
28/01/2021,Tripura,16668,16668,0
29/01/2021,Tripura,19513,19513,0
30/01/2021,Tripura,21342,21342,0
31/01/2021,Tripura,21367,21367,0
1/2/2021,Tripura,22996,22996,0
2/2/2021,Tripura,24202,24202,0
3/2/2021,Tripura,24413,24413,0
4/2/2021,Tripura,27081,27081,0
5/2/2021,Tripura,29402,29402,0
6/2/2021,Tripura,32235,32235,0
7/2/2021,Tripura,32289,32289,0
8/2/2021,Tripura,37310,37310,0
9/2/2021,Tripura,42999,42999,0
10/2/2021,Tripura,45158,45158,0
11/2/2021,Tripura,51453,51453,0
12/2/2021,Tripura,57389,57389,0
13/02/2021,Tripura,61844,61510,334
14/02/2021,Tripura,61859,61525,334
15/02/2021,Tripura,68497,66987,1510
16/02/2021,Tripura,68681,67171,1510
17/02/2021,Tripura,72074,69698,2376
18/02/2021,Tripura,79660,72899,6761
19/02/2021,Tripura,90564,79570,10994
20/02/2021,Tripura,92289,80875,11414
21/02/2021,Tripura,92291,80877,11414
22/02/2021,Tripura,97257,82561,14696
23/02/2021,Tripura,100084,84098,15986
24/02/2021,Tripura,100676,84636,16040
25/02/2021,Tripura,105468,86553,18915
26/02/2021,Tripura,109091,88089,21002
27/02/2021,Tripura,109091,88089,21002
28/02/2021,Tripura,109091,88089,21002
1/3/2021,Tripura,109091,88089,21002
2/3/2021,Tripura,116435,92853,23582
3/3/2021,Tripura,119114,94340,24774
4/3/2021,Tripura,125744,99422,26322
5/3/2021,Tripura,132807,104553,28254
6/3/2021,Tripura,135652,106718,28934
7/3/2021,Tripura,135657,106720,28937
8/3/2021,Tripura,146407,113725,32682
9/3/2021,Tripura,124161,87282,36879
10/3/2021,Tripura,125961,88029,37932
11/3/2021,Tripura,127690,88696,38994
12/3/2021,Tripura,139399,94396,45003
13/03/2021,Tripura,143379,96147,47232
14/03/2021,Tripura,143677,96435,47242
15/03/2021,Tripura,162711,108793,53918
16/03/2021,Tripura,219327,162040,57287
17/03/2021,Tripura,228934,170793,58141
18/03/2021,Tripura,256216,194882,61334
19/03/2021,Tripura,287711,223573,64138
20/03/2021,Tripura,313388,247875,65513
21/03/2021,Tripura,323586,257944,65642
22/03/2021,Tripura,355556,287869,67687
23/03/2021,Tripura,407572,337930,69642
24/03/2021,Tripura,467382,396634,70748
25/03/2021,Tripura,531721,459726,71995
26/03/2021,Tripura,599228,526236,72992
27/03/2021,Tripura,624648,551306,73342
28/03/2021,Tripura,632439,559037,73402
29/03/2021,Tripura,633966,560561,73405
30/03/2021,Tripura,660734,585980,74754
31/03/2021,Tripura,673612,597956,75656
1/4/2021,Tripura,689959,613140,76819
2/4/2021,Tripura,702866,625172,77694
3/4/2021,Tripura,714805,635930,78875
4/4/2021,Tripura,725171,645348,79823
5/4/2021,Tripura,739873,657921,81952
6/4/2021,Tripura,751713,668678,83035
7/4/2021,Tripura,764951,680375,84576
8/4/2021,Tripura,785418,698009,87409
9/4/2021,Tripura,802740,712932,89808
10/4/2021,Tripura,812195,720930,91265
11/4/2021,Tripura,819047,727172,91875
12/4/2021,Tripura,832810,737653,95157
13/04/2021,Tripura,842326,744903,97423
14/04/2021,Tripura,845145,746994,98151
15/04/2021,Tripura,845297,747073,98224
16/04/2021,Tripura,862461,756408,106053
17/04/2021,Tripura,880184,766208,113976
18/04/2021,Tripura,886066,769465,116601
19/04/2021,Tripura,910220,780166,130054
20/04/2021,Tripura,933793,790891,142902
21/04/2021,Tripura,941554,794856,146698
22/04/2021,Tripura,953497,799703,153794
23/04/2021,Tripura,984781,811199,173582
24/04/2021,Tripura,1011821,820575,191246
25/04/2021,Tripura,1020894,824638,196256
26/04/2021,Tripura,1066507,840232,226275
27/04/2021,Tripura,1113260,856586,256674
28/04/2021,Tripura,1139662,866008,273654
29/04/2021,Tripura,1189803,882252,307551
30/04/2021,Tripura,1236761,898611,338150
1/5/2021,Tripura,1261570,907499,354071
2/5/2021,Tripura,1267044,909670,357374
3/5/2021,Tripura,1284939,915489,369450
4/5/2021,Tripura,1307268,921704,385564
5/5/2021,Tripura,1328697,927468,401229
6/5/2021,Tripura,1362400,936213,426187
7/5/2021,Tripura,1396362,946489,449873
8/5/2021,Tripura,1418622,952947,465675
9/5/2021,Tripura,1421511,953744,467767
10/5/2021,Tripura,1446246,960991,485255
11/5/2021,Tripura,1465368,966997,498371
12/5/2021,Tripura,1469744,968790,500954
13/05/2021,Tripura,1479866,974828,505038
14/05/2021,Tripura,1486004,980319,505685
15/05/2021,Tripura,1492191,985530,506661
16/05/2021,Tripura,1492618,985851,506767
17/05/2021,Tripura,1501848,995017,506831
18/05/2021,Tripura,1512008,1005122,506886
19/05/2021,Tripura,1520712,1013813,506899
20/05/2021,Tripura,1527785,1020857,506928
21/05/2021,Tripura,1535201,1028248,506953
22/05/2021,Tripura,1551547,1044552,506995
23/05/2021,Tripura,1554305,1047296,507009
24/05/2021,Tripura,1560657,1053532,507125
25/05/2021,Tripura,1566075,1058833,507242
26/05/2021,Tripura,1568298,1060986,507312
27/05/2021,Tripura,1571247,1063835,507412
28/05/2021,Tripura,1574603,1067114,507489
29/05/2021,Tripura,1588209,1080636,507573
30/05/2021,Tripura,1602077,1094499,507578
31/05/2021,Tripura,1610784,1103113,507671
1/6/2021,Tripura,1615053,1107337,507716
2/6/2021,Tripura,1618490,1110714,507776
3/6/2021,Tripura,1624620,1116768,507852
4/6/2021,Tripura,1631384,1123405,507979
5/6/2021,Tripura,1635643,1127599,508044
6/6/2021,Tripura,1636673,1128612,508061
7/6/2021,Tripura,1640638,1132397,508241
8/6/2021,Tripura,1644382,1135952,508430
9/6/2021,Tripura,1646329,1137795,508534
10/6/2021,Tripura,1649999,1141134,508865
11/6/2021,Tripura,1652388,1143222,509166
12/6/2021,Tripura,1659919,1147382,512537
13/06/2021,Tripura,1661096,1148442,512654
14/06/2021,Tripura,1681689,1164688,517001
15/06/2021,Tripura,1706142,1185855,520287
16/06/2021,Tripura,1736324,1213866,522458
17/06/2021,Tripura,1791260,1264502,526758
18/06/2021,Tripura,1860877,1328982,531895
19/06/2021,Tripura,1920866,1383797,537069
20/06/2021,Tripura,1942706,1403613,539093
21/06/2021,Tripura,2093251,1549142,544109
22/06/2021,Tripura,2285345,1733843,551502
23/06/2021,Tripura,2344975,1788351,556624
24/06/2021,Tripura,2396775,1834177,562598
25/06/2021,Tripura,2428555,1861984,566571
26/06/2021,Tripura,2467674,1894007,573667
27/06/2021,Tripura,2474475,1899573,574902
28/06/2021,Tripura,2510943,1926146,584797
29/06/2021,Tripura,2536995,1946066,590929
30/06/2021,Tripura,2550343,1955929,594414
1/7/2021,Tripura,2568901,1969442,599459
2/7/2021,Tripura,2595949,1987663,608286
3/7/2021,Tripura,2613487,1998901,614586
4/7/2021,Tripura,2615391,2000280,615111
5/7/2021,Tripura,2630048,2009213,620835
6/7/2021,Tripura,2642602,2017943,624659
7/7/2021,Tripura,,,
8/7/2021,Tripura,,,
9/7/2021,Tripura,,,
10/7/2021,Tripura,,,
11/7/2021,Tripura,,,
12/7/2021,Tripura,,,
13/07/2021,Tripura,,,
14/07/2021,Tripura,,,
15/07/2021,Tripura,,,
16/01/2021,Uttar Pradesh,2212,2212,0
17/01/2021,Uttar Pradesh,2224,2224,0
18/01/2021,Uttar Pradesh,1532,1532,0
19/01/2021,Uttar Pradesh,1568,1568,0
20/01/2021,Uttar Pradesh,1568,1568,0
21/01/2021,Uttar Pradesh,1578,1578,0
22/01/2021,Uttar Pradesh,21325,21325,0
23/01/2021,Uttar Pradesh,30644,30644,0
24/01/2021,Uttar Pradesh,43669,43669,0
25/01/2021,Uttar Pradesh,59780,59780,0
26/01/2021,Uttar Pradesh,62477,62477,0
27/01/2021,Uttar Pradesh,95724,95724,0
28/01/2021,Uttar Pradesh,268081,268081,0
29/01/2021,Uttar Pradesh,429946,429946,0
30/01/2021,Uttar Pradesh,433040,433040,0
31/01/2021,Uttar Pradesh,434185,434185,0
1/2/2021,Uttar Pradesh,434549,434549,0
2/2/2021,Uttar Pradesh,435502,435502,0
3/2/2021,Uttar Pradesh,435645,435645,0
4/2/2021,Uttar Pradesh,555622,555622,0
5/2/2021,Uttar Pradesh,636917,636917,0
6/2/2021,Uttar Pradesh,638107,638107,0
7/2/2021,Uttar Pradesh,638805,638805,0
8/2/2021,Uttar Pradesh,640144,640144,0
9/2/2021,Uttar Pradesh,640845,640845,0
10/2/2021,Uttar Pradesh,643010,643010,0
11/2/2021,Uttar Pradesh,746208,746208,0
12/2/2021,Uttar Pradesh,863157,863157,0
13/02/2021,Uttar Pradesh,864381,864379,2
14/02/2021,Uttar Pradesh,864489,864487,2
15/02/2021,Uttar Pradesh,975211,955423,19788
16/02/2021,Uttar Pradesh,975907,956093,19814
17/02/2021,Uttar Pradesh,976088,956274,19814
18/02/2021,Uttar Pradesh,1054867,1034940,19927
19/02/2021,Uttar Pradesh,1234270,1135502,98768
20/02/2021,Uttar Pradesh,1236861,1136590,100271
21/02/2021,Uttar Pradesh,1237359,1136650,100709
22/02/2021,Uttar Pradesh,1339406,1237517,101889
23/02/2021,Uttar Pradesh,1342030,1239758,102272
24/02/2021,Uttar Pradesh,1342318,1240045,102273
25/02/2021,Uttar Pradesh,1521544,1274807,246737
26/02/2021,Uttar Pradesh,1668629,1281076,387553
27/02/2021,Uttar Pradesh,1668629,1281076,387553
28/02/2021,Uttar Pradesh,1668631,1281078,387553
1/3/2021,Uttar Pradesh,1668631,1281078,387553
2/3/2021,Uttar Pradesh,1681659,1294029,387630
3/3/2021,Uttar Pradesh,1682667,1295029,387638
4/3/2021,Uttar Pradesh,1824296,1365655,458641
5/3/2021,Uttar Pradesh,1988090,1465524,522566
6/3/2021,Uttar Pradesh,2014991,1485787,529204
7/3/2021,Uttar Pradesh,2019181,1488836,530345
8/3/2021,Uttar Pradesh,2216711,1679720,536991
9/3/2021,Uttar Pradesh,1709561,1171217,538344
10/3/2021,Uttar Pradesh,1735799,1196503,539296
11/3/2021,Uttar Pradesh,1741357,1201688,539669
12/3/2021,Uttar Pradesh,2038409,1426304,612105
13/03/2021,Uttar Pradesh,2079271,1458839,620432
14/03/2021,Uttar Pradesh,2095485,1474743,620742
15/03/2021,Uttar Pradesh,2398452,1731354,667098
16/03/2021,Uttar Pradesh,3188522,2456849,731673
17/03/2021,Uttar Pradesh,3464388,2723448,740940
18/03/2021,Uttar Pradesh,3881080,3034854,846226
19/03/2021,Uttar Pradesh,4231527,3348666,882861
20/03/2021,Uttar Pradesh,4390444,3497298,893146
21/03/2021,Uttar Pradesh,4416844,3522238,894606
22/03/2021,Uttar Pradesh,4749723,3797621,952102
23/03/2021,Uttar Pradesh,4960199,3982323,977876
24/03/2021,Uttar Pradesh,5070493,4087684,982809
25/03/2021,Uttar Pradesh,5344537,4337751,1006786
26/03/2021,Uttar Pradesh,5563645,4549205,1014440
27/03/2021,Uttar Pradesh,5644759,4627476,1017283
28/03/2021,Uttar Pradesh,5648595,4631003,1017592
29/03/2021,Uttar Pradesh,5648658,4631064,1017594
30/03/2021,Uttar Pradesh,5677982,4659569,1018413
31/03/2021,Uttar Pradesh,5747886,4726820,1021066
1/4/2021,Uttar Pradesh,5963390,4929565,1033825
2/4/2021,Uttar Pradesh,6335715,5281547,1054168
3/4/2021,Uttar Pradesh,6577701,5511428,1066273
4/4/2021,Uttar Pradesh,6737463,5663490,1073973
5/4/2021,Uttar Pradesh,7024060,5917539,1106521
6/4/2021,Uttar Pradesh,7340259,6199023,1141236
7/4/2021,Uttar Pradesh,7791657,6619721,1171936
8/4/2021,Uttar Pradesh,8143966,6950868,1193098
9/4/2021,Uttar Pradesh,8396201,7169348,1226853
10/4/2021,Uttar Pradesh,8493841,7255753,1238088
11/4/2021,Uttar Pradesh,8824093,7558409,1265684
12/4/2021,Uttar Pradesh,9356612,8013755,1342857
13/04/2021,Uttar Pradesh,9718148,8329706,1388442
14/04/2021,Uttar Pradesh,10027627,8605823,1421804
15/04/2021,Uttar Pradesh,10272414,8790085,1482329
16/04/2021,Uttar Pradesh,10538062,8978071,1559991
17/04/2021,Uttar Pradesh,10712197,9102301,1609896
18/04/2021,Uttar Pradesh,10718349,9106335,1612014
19/04/2021,Uttar Pradesh,10909053,9224739,1684314
20/04/2021,Uttar Pradesh,11120514,9356225,1764289
21/04/2021,Uttar Pradesh,11259040,9449601,1809439
22/04/2021,Uttar Pradesh,11440742,9563554,1877188
23/04/2021,Uttar Pradesh,11623304,9679629,1943675
24/04/2021,Uttar Pradesh,11776922,9779700,1997222
25/04/2021,Uttar Pradesh,11783929,9783480,2000449
26/04/2021,Uttar Pradesh,11947377,9883742,2063635
27/04/2021,Uttar Pradesh,12061238,9953817,2107421
28/04/2021,Uttar Pradesh,12169041,10018842,2150199
29/04/2021,Uttar Pradesh,12353995,10125866,2228129
30/04/2021,Uttar Pradesh,12557806,10240750,2317056
1/5/2021,Uttar Pradesh,12700692,10331285,2369407
2/5/2021,Uttar Pradesh,12705437,10334346,2371091
3/5/2021,Uttar Pradesh,12884995,10439785,2445210
4/5/2021,Uttar Pradesh,13062635,10544891,2517744
5/5/2021,Uttar Pradesh,13228006,10642247,2585759
6/5/2021,Uttar Pradesh,13402535,10742503,2660032
7/5/2021,Uttar Pradesh,13559957,10833025,2726932
8/5/2021,Uttar Pradesh,13694748,10914754,2779994
9/5/2021,Uttar Pradesh,13697577,10916895,2780682
10/5/2021,Uttar Pradesh,13881053,11025900,2855153
11/5/2021,Uttar Pradesh,14073046,11141255,2931791
12/5/2021,Uttar Pradesh,14300912,11291626,3009286
13/05/2021,Uttar Pradesh,14581474,11465614,3115860
14/05/2021,Uttar Pradesh,14771189,11590929,3180260
15/05/2021,Uttar Pradesh,14983606,11723371,3260235
16/05/2021,Uttar Pradesh,14984918,11724458,3260460
17/05/2021,Uttar Pradesh,15222236,11943385,3278851
18/05/2021,Uttar Pradesh,15436461,12144409,3292052
19/05/2021,Uttar Pradesh,15621166,12319537,3301629
20/05/2021,Uttar Pradesh,15815757,12501172,3314585
21/05/2021,Uttar Pradesh,16034048,12704166,3329882
22/05/2021,Uttar Pradesh,16250118,12905372,3344746
23/05/2021,Uttar Pradesh,16257569,12912199,3345370
24/05/2021,Uttar Pradesh,16545766,13182141,3363625
25/05/2021,Uttar Pradesh,16819746,13439732,3380014
26/05/2021,Uttar Pradesh,17077311,13683971,3393340
27/05/2021,Uttar Pradesh,17358612,13951426,3407186
28/05/2021,Uttar Pradesh,17668206,14243858,3424348
29/05/2021,Uttar Pradesh,17994300,14544503,3449797
30/05/2021,Uttar Pradesh,18010911,14560582,3450329
31/05/2021,Uttar Pradesh,18335009,14854570,3480439
1/6/2021,Uttar Pradesh,18685319,15179836,3505483
2/6/2021,Uttar Pradesh,19045624,15512608,3533016
3/6/2021,Uttar Pradesh,19436908,15875135,3561773
4/6/2021,Uttar Pradesh,19850174,16254617,3595557
5/6/2021,Uttar Pradesh,20252136,16624925,3627211
6/6/2021,Uttar Pradesh,20272802,16643702,3629100
7/6/2021,Uttar Pradesh,20735794,17079924,3655870
8/6/2021,Uttar Pradesh,21181060,17502314,3678746
9/6/2021,Uttar Pradesh,21584490,17883157,3701333
10/6/2021,Uttar Pradesh,22025903,18297125,3728778
11/6/2021,Uttar Pradesh,22504047,18741039,3763008
12/6/2021,Uttar Pradesh,22979323,19184501,3794822
13/06/2021,Uttar Pradesh,23001682,19205507,3796175
14/06/2021,Uttar Pradesh,23445493,19608395,3837098
15/06/2021,Uttar Pradesh,23871523,19995723,3875800
16/06/2021,Uttar Pradesh,24254164,20343637,3910527
17/06/2021,Uttar Pradesh,24673597,20725526,3948071
18/06/2021,Uttar Pradesh,25149677,21162728,3986949
19/06/2021,Uttar Pradesh,25610808,21587631,4023177
20/06/2021,Uttar Pradesh,25627085,21602698,4024387
21/06/2021,Uttar Pradesh,26359410,22296504,4062906
22/06/2021,Uttar Pradesh,27232439,23129586,4102853
23/06/2021,Uttar Pradesh,28060510,23918186,4142324
24/06/2021,Uttar Pradesh,28976470,24782239,4194231
25/06/2021,Uttar Pradesh,29857504,25598956,4258548
26/06/2021,Uttar Pradesh,30451330,26129782,4321548
27/06/2021,Uttar Pradesh,30479424,26154179,4325245
28/06/2021,Uttar Pradesh,31002019,26591964,4410055
29/06/2021,Uttar Pradesh,31209641,26740850,4468791
30/06/2021,Uttar Pradesh,31281400,26792784,4488616
1/7/2021,Uttar Pradesh,31633572,27047411,4586161
2/7/2021,Uttar Pradesh,32067268,27363633,4703635
3/7/2021,Uttar Pradesh,32596520,27776672,4819848
4/7/2021,Uttar Pradesh,32629055,27802518,4826537
5/7/2021,Uttar Pradesh,33483868,28472822,5011046
6/7/2021,Uttar Pradesh,34513734,29305008,5208726
7/7/2021,Uttar Pradesh,,,
8/7/2021,Uttar Pradesh,,,
9/7/2021,Uttar Pradesh,,,
10/7/2021,Uttar Pradesh,,,
11/7/2021,Uttar Pradesh,,,
12/7/2021,Uttar Pradesh,,,
13/07/2021,Uttar Pradesh,,,
14/07/2021,Uttar Pradesh,,,
15/07/2021,Uttar Pradesh,,,
16/01/2021,Uttarakhand,511,511,0
17/01/2021,Uttarakhand,556,556,0
18/01/2021,Uttarakhand,517,517,0
19/01/2021,Uttarakhand,1141,1141,0
20/01/2021,Uttarakhand,1141,1141,0
21/01/2021,Uttarakhand,1874,1874,0
22/01/2021,Uttarakhand,3163,3163,0
23/01/2021,Uttarakhand,3238,3238,0
24/01/2021,Uttarakhand,3592,3592,0
25/01/2021,Uttarakhand,7969,7969,0
26/01/2021,Uttarakhand,8052,8052,0
27/01/2021,Uttarakhand,9374,9374,0
28/01/2021,Uttarakhand,14440,14440,0
29/01/2021,Uttarakhand,20864,20864,0
30/01/2021,Uttarakhand,23922,23922,0
31/01/2021,Uttarakhand,26517,26517,0
1/2/2021,Uttarakhand,32705,32705,0
2/2/2021,Uttarakhand,39523,39523,0
3/2/2021,Uttarakhand,50614,50614,0
4/2/2021,Uttarakhand,59962,59962,0
5/2/2021,Uttarakhand,66129,66129,0
6/2/2021,Uttarakhand,70338,70338,0
7/2/2021,Uttarakhand,71384,71384,0
8/2/2021,Uttarakhand,76758,76758,0
9/2/2021,Uttarakhand,83729,83729,0
10/2/2021,Uttarakhand,89655,89655,0
11/2/2021,Uttarakhand,97287,97287,0
12/2/2021,Uttarakhand,104337,104337,0
13/02/2021,Uttarakhand,110369,109966,403
14/02/2021,Uttarakhand,111986,111576,410
15/02/2021,Uttarakhand,119761,118110,1651
16/02/2021,Uttarakhand,126204,123162,3042
17/02/2021,Uttarakhand,131225,127874,3351
18/02/2021,Uttarakhand,135708,130669,5039
19/02/2021,Uttarakhand,143945,136557,7388
20/02/2021,Uttarakhand,146541,138252,8289
21/02/2021,Uttarakhand,146976,138670,8306
22/02/2021,Uttarakhand,151842,140932,10910
23/02/2021,Uttarakhand,155814,143357,12457
24/02/2021,Uttarakhand,157621,144911,12710
25/02/2021,Uttarakhand,161766,146325,15441
26/02/2021,Uttarakhand,168602,148098,20504
27/02/2021,Uttarakhand,168602,148098,20504
28/02/2021,Uttarakhand,168604,148100,20504
1/3/2021,Uttarakhand,168604,148100,20504
2/3/2021,Uttarakhand,183073,156016,27057
3/3/2021,Uttarakhand,194732,161695,33037
4/3/2021,Uttarakhand,214010,170995,43015
5/3/2021,Uttarakhand,231192,180506,50686
6/3/2021,Uttarakhand,246725,190962,55763
7/3/2021,Uttarakhand,247447,191538,55909
8/3/2021,Uttarakhand,265744,204252,61492
9/3/2021,Uttarakhand,228383,161046,67337
10/3/2021,Uttarakhand,240790,169248,71542
11/3/2021,Uttarakhand,242965,170797,72168
12/3/2021,Uttarakhand,268380,188021,80359
13/03/2021,Uttarakhand,284179,198622,85557
14/03/2021,Uttarakhand,286192,199855,86337
15/03/2021,Uttarakhand,312088,219454,92634
16/03/2021,Uttarakhand,398546,300292,98254
17/03/2021,Uttarakhand,459272,357365,101907
18/03/2021,Uttarakhand,491749,385031,106718
19/03/2021,Uttarakhand,523715,413175,110540
20/03/2021,Uttarakhand,542470,429295,113175
21/03/2021,Uttarakhand,545854,432481,113373
22/03/2021,Uttarakhand,575163,458968,116195
23/03/2021,Uttarakhand,604131,485452,118679
24/03/2021,Uttarakhand,623127,502979,120148
25/03/2021,Uttarakhand,651083,529381,121702
26/03/2021,Uttarakhand,677407,554351,123056
27/03/2021,Uttarakhand,691740,567912,123828
28/03/2021,Uttarakhand,692153,568301,123852
29/03/2021,Uttarakhand,692153,568301,123852
30/03/2021,Uttarakhand,709629,583674,125955
31/03/2021,Uttarakhand,729248,600464,128784
1/4/2021,Uttarakhand,766976,635483,131493
2/4/2021,Uttarakhand,819787,684342,135445
3/4/2021,Uttarakhand,864109,724528,139581
4/4/2021,Uttarakhand,911431,768440,142991
5/4/2021,Uttarakhand,963846,816359,147487
6/4/2021,Uttarakhand,1010592,859144,151448
7/4/2021,Uttarakhand,1103202,943113,160089
8/4/2021,Uttarakhand,1183048,1015354,167694
9/4/2021,Uttarakhand,1243903,1070092,173811
10/4/2021,Uttarakhand,1284053,1105047,179006
11/4/2021,Uttarakhand,1309345,1127677,181668
12/4/2021,Uttarakhand,1362476,1171473,191003
13/04/2021,Uttarakhand,1403514,1205463,198051
14/04/2021,Uttarakhand,1432533,1228701,203832
15/04/2021,Uttarakhand,1467119,1254070,213049
16/04/2021,Uttarakhand,1519229,1291512,227717
17/04/2021,Uttarakhand,1565895,1324893,241002
18/04/2021,Uttarakhand,1568659,1326852,241807
19/04/2021,Uttarakhand,1628596,1367015,261581
20/04/2021,Uttarakhand,1679001,1400819,278182
21/04/2021,Uttarakhand,1716299,1426757,289542
22/04/2021,Uttarakhand,1767643,1461317,306326
23/04/2021,Uttarakhand,1810870,1491294,319576
24/04/2021,Uttarakhand,1851547,1519001,332546
25/04/2021,Uttarakhand,1868785,1531495,337290
26/04/2021,Uttarakhand,1919534,1564510,355024
27/04/2021,Uttarakhand,1953190,1587147,366043
28/04/2021,Uttarakhand,1992077,1612469,379608
29/04/2021,Uttarakhand,2036059,1639998,396061
30/04/2021,Uttarakhand,2079214,1665065,414149
1/5/2021,Uttarakhand,2099055,1674974,424081
2/5/2021,Uttarakhand,2105869,1677900,427969
3/5/2021,Uttarakhand,2117345,1683130,434215
4/5/2021,Uttarakhand,2149462,1695482,453980
5/5/2021,Uttarakhand,2197687,1712874,484813
6/5/2021,Uttarakhand,2256480,1734466,522014
7/5/2021,Uttarakhand,2307663,1753256,554407
8/5/2021,Uttarakhand,2349729,1768741,580988
9/5/2021,Uttarakhand,2373371,1777937,595434
10/5/2021,Uttarakhand,2445484,1813356,632128
11/5/2021,Uttarakhand,2511832,1850845,660987
12/5/2021,Uttarakhand,2546600,1880013,666587
13/05/2021,Uttarakhand,2578678,1907366,671312
14/05/2021,Uttarakhand,2613490,1937336,676154
15/05/2021,Uttarakhand,2645339,1964930,680409
16/05/2021,Uttarakhand,2663086,1982530,680556
17/05/2021,Uttarakhand,2691931,2011224,680707
18/05/2021,Uttarakhand,2715141,2034375,680766
19/05/2021,Uttarakhand,2727448,2046650,680798
20/05/2021,Uttarakhand,2744103,2063198,680905
21/05/2021,Uttarakhand,2759084,2078139,680945
22/05/2021,Uttarakhand,2772880,2091853,681027
23/05/2021,Uttarakhand,2783836,2102721,681115
24/05/2021,Uttarakhand,2807770,2126366,681404
25/05/2021,Uttarakhand,2829587,2147806,681781
26/05/2021,Uttarakhand,2838290,2156373,681917
27/05/2021,Uttarakhand,2857400,2175239,682161
28/05/2021,Uttarakhand,2875266,2192644,682622
29/05/2021,Uttarakhand,2891355,2208274,683081
30/05/2021,Uttarakhand,2901614,2218328,683286
31/05/2021,Uttarakhand,2919103,2235181,683922
1/6/2021,Uttarakhand,2932620,2248175,684445
2/6/2021,Uttarakhand,2944942,2259962,684980
3/6/2021,Uttarakhand,2962710,2277114,685596
4/6/2021,Uttarakhand,2988289,2301935,686354
5/6/2021,Uttarakhand,3025671,2338708,686963
6/6/2021,Uttarakhand,3050222,2362816,687406
7/6/2021,Uttarakhand,3084855,2396288,688567
8/6/2021,Uttarakhand,3118649,2429187,689462
9/6/2021,Uttarakhand,3156637,2466183,690454
10/6/2021,Uttarakhand,3207393,2515957,691436
11/6/2021,Uttarakhand,3250658,2558034,692624
12/6/2021,Uttarakhand,3285612,2590812,694800
13/06/2021,Uttarakhand,3320539,2622029,698510
14/06/2021,Uttarakhand,3377012,2671224,705788
15/06/2021,Uttarakhand,3419105,2705277,713828
16/06/2021,Uttarakhand,3444654,2725505,719149
17/06/2021,Uttarakhand,3477183,2752271,724912
18/06/2021,Uttarakhand,3515649,2786799,728850
19/06/2021,Uttarakhand,3541936,2809750,732186
20/06/2021,Uttarakhand,3556154,2821983,734171
21/06/2021,Uttarakhand,3676500,2938547,737953
22/06/2021,Uttarakhand,3799085,3056963,742122
23/06/2021,Uttarakhand,3922340,3176320,746020
24/06/2021,Uttarakhand,4026451,3274993,751458
25/06/2021,Uttarakhand,4124177,3365897,758280
26/06/2021,Uttarakhand,4193872,3425878,767994
27/06/2021,Uttarakhand,4214564,3443111,771453
28/06/2021,Uttarakhand,4262996,3478499,784497
29/06/2021,Uttarakhand,4339656,3536398,803258
30/06/2021,Uttarakhand,4401789,3579832,821957
1/7/2021,Uttarakhand,4446547,3609832,836715
2/7/2021,Uttarakhand,4479447,3631790,847657
3/7/2021,Uttarakhand,4527294,3664283,863011
4/7/2021,Uttarakhand,4588910,3710330,878580
5/7/2021,Uttarakhand,4687985,3774218,913767
6/7/2021,Uttarakhand,4762569,3821058,941511
7/7/2021,Uttarakhand,,,
8/7/2021,Uttarakhand,,,
9/7/2021,Uttarakhand,,,
10/7/2021,Uttarakhand,,,
11/7/2021,Uttarakhand,,,
12/7/2021,Uttarakhand,,,
13/07/2021,Uttarakhand,,,
14/07/2021,Uttarakhand,,,
15/07/2021,Uttarakhand,,,
16/01/2021,West Bengal,1917,1917,0
17/01/2021,West Bengal,2085,2085,0
18/01/2021,West Bengal,5060,5060,0
19/01/2021,West Bengal,12364,12364,0
20/01/2021,West Bengal,14624,14624,0
21/01/2021,West Bengal,20206,20206,0
22/01/2021,West Bengal,41970,41970,0
23/01/2021,West Bengal,43180,43180,0
24/01/2021,West Bengal,46143,46143,0
25/01/2021,West Bengal,87815,87815,0
26/01/2021,West Bengal,88627,88627,0
27/01/2021,West Bengal,130937,130937,0
28/01/2021,West Bengal,161415,161415,0
29/01/2021,West Bengal,191566,191566,0
30/01/2021,West Bengal,214018,214018,0
31/01/2021,West Bengal,214256,214256,0
1/2/2021,West Bengal,238178,238178,0
2/2/2021,West Bengal,259341,259341,0
3/2/2021,West Bengal,271828,271828,0
4/2/2021,West Bengal,290908,290908,0
5/2/2021,West Bengal,314065,314065,0
6/2/2021,West Bengal,323825,323825,0
7/2/2021,West Bengal,323859,323859,0
8/2/2021,West Bengal,346113,346113,0
9/2/2021,West Bengal,372621,372621,0
10/2/2021,West Bengal,396442,396442,0
11/2/2021,West Bengal,421678,421678,0
12/2/2021,West Bengal,451987,451987,0
13/02/2021,West Bengal,481827,480743,1084
14/02/2021,West Bengal,485365,484229,1136
15/02/2021,West Bengal,525918,519678,6240
16/02/2021,West Bengal,528075,521537,6538
17/02/2021,West Bengal,551037,538752,12285
18/02/2021,West Bengal,563290,544667,18623
19/02/2021,West Bengal,632088,596408,35680
20/02/2021,West Bengal,664855,620329,44526
21/02/2021,West Bengal,669761,625050,44711
22/02/2021,West Bengal,726880,662851,64029
23/02/2021,West Bengal,788276,712116,76160
24/02/2021,West Bengal,873017,778861,94156
25/02/2021,West Bengal,978851,864083,114768
26/02/2021,West Bengal,1092729,953882,138847
27/02/2021,West Bengal,1092729,953882,138847
28/02/2021,West Bengal,1092729,953882,138847
1/3/2021,West Bengal,1092729,953882,138847
2/3/2021,West Bengal,1170037,1012276,157761
3/3/2021,West Bengal,1261351,1081891,179460
4/3/2021,West Bengal,1352180,1151159,201021
5/3/2021,West Bengal,1448516,1226222,222294
6/3/2021,West Bengal,1537566,1299938,237628
7/3/2021,West Bengal,1547453,1308982,238471
8/3/2021,West Bengal,1684182,1424182,260000
9/3/2021,West Bengal,1596681,1312737,283944
10/3/2021,West Bengal,1730915,1426418,304497
11/3/2021,West Bengal,1801974,1486241,315733
12/3/2021,West Bengal,1983003,1641083,341920
13/03/2021,West Bengal,2104249,1742140,362109
14/03/2021,West Bengal,2117985,1753914,364071
15/03/2021,West Bengal,2353011,1958513,394498
16/03/2021,West Bengal,2818171,2400215,417956
17/03/2021,West Bengal,3121794,2688119,433675
18/03/2021,West Bengal,3260568,2808898,451670
19/03/2021,West Bengal,3561127,3086159,474968
20/03/2021,West Bengal,3758013,3263416,494597
21/03/2021,West Bengal,3791481,3294084,497397
22/03/2021,West Bengal,4029095,3505433,523662
23/03/2021,West Bengal,4284851,3727569,557282
24/03/2021,West Bengal,4428925,3850626,578299
25/03/2021,West Bengal,4577280,3976580,600700
26/03/2021,West Bengal,4883468,4261110,622358
27/03/2021,West Bengal,5082386,4448531,633855
28/03/2021,West Bengal,5087735,4453685,634050
29/03/2021,West Bengal,5110946,4475456,635490
30/03/2021,West Bengal,5323718,4671332,652386
31/03/2021,West Bengal,5467439,4798424,669015
1/4/2021,West Bengal,5614451,4932709,681742
2/4/2021,West Bengal,5796984,5103078,693906
3/4/2021,West Bengal,5967900,5260046,707854
4/4/2021,West Bengal,6148158,5427490,720668
5/4/2021,West Bengal,6396475,5657151,739324
6/4/2021,West Bengal,6639763,5881580,758183
7/4/2021,West Bengal,7020613,6222811,797802
8/4/2021,West Bengal,7311686,6465014,846672
9/4/2021,West Bengal,7673269,6783892,889377
10/4/2021,West Bengal,7891168,6972586,918582
11/4/2021,West Bengal,7982276,7051017,931259
12/4/2021,West Bengal,8224788,7241680,983108
13/04/2021,West Bengal,8345059,7328009,1017050
14/04/2021,West Bengal,8442892,7398413,1044479
15/04/2021,West Bengal,8468805,7415379,1053426
16/04/2021,West Bengal,8608782,7499090,1109692
17/04/2021,West Bengal,8739716,7577053,1162663
18/04/2021,West Bengal,8764150,7593056,1171094
19/04/2021,West Bengal,8976141,7701111,1275030
20/04/2021,West Bengal,9209694,7830594,1379100
21/04/2021,West Bengal,9396068,7934464,1461604
22/04/2021,West Bengal,9558233,8024582,1533651
23/04/2021,West Bengal,9780255,8139244,1641011
24/04/2021,West Bengal,9938423,8227116,1711307
25/04/2021,West Bengal,9969252,8243729,1725523
26/04/2021,West Bengal,10228994,8363314,1865680
27/04/2021,West Bengal,10437665,8467133,1970532
28/04/2021,West Bengal,10630769,8539976,2090793
29/04/2021,West Bengal,10781641,8596240,2185401
30/04/2021,West Bengal,10971948,8662227,2309721
1/5/2021,West Bengal,11058053,8689947,2368106
2/5/2021,West Bengal,11066324,8692844,2373480
3/5/2021,West Bengal,11256097,8725020,2531077
4/5/2021,West Bengal,11409897,8750404,2659493
5/5/2021,West Bengal,11506727,8764695,2742032
6/5/2021,West Bengal,11594723,8777268,2817455
7/5/2021,West Bengal,11839680,8808010,3031670
8/5/2021,West Bengal,11952404,8823763,3128641
9/5/2021,West Bengal,11963861,8825922,3137939
10/5/2021,West Bengal,12108661,8844778,3263883
11/5/2021,West Bengal,12226878,8862487,3364391
12/5/2021,West Bengal,12408070,8890679,3517391
13/05/2021,West Bengal,12562690,8916777,3645913
14/05/2021,West Bengal,12609247,8929070,3680177
15/05/2021,West Bengal,12673069,8955081,3717988
16/05/2021,West Bengal,12678649,8958736,3719913
17/05/2021,West Bengal,12741310,9001376,3739934
18/05/2021,West Bengal,12805341,9046876,3758465
19/05/2021,West Bengal,12869283,9095356,3773927
20/05/2021,West Bengal,12933777,9145955,3787822
21/05/2021,West Bengal,13005623,9202262,3803361
22/05/2021,West Bengal,13088982,9274004,3814978
23/05/2021,West Bengal,13144472,9329018,3815454
24/05/2021,West Bengal,13334185,9506802,3827383
25/05/2021,West Bengal,13492633,9656735,3835898
26/05/2021,West Bengal,13555378,9718236,3837142
27/05/2021,West Bengal,13729739,9887152,3842587
28/05/2021,West Bengal,13993297,10141006,3852291
29/05/2021,West Bengal,14271067,10407006,3864061
30/05/2021,West Bengal,14412969,10547015,3865954
31/05/2021,West Bengal,14718135,10838457,3879678
1/6/2021,West Bengal,14969157,11075394,3893763
2/6/2021,West Bengal,15186412,11283299,3903113
3/6/2021,West Bengal,15430414,11514760,3915654
4/6/2021,West Bengal,15726490,11795260,3931230
5/6/2021,West Bengal,16031152,12090072,3941080
6/6/2021,West Bengal,16149949,12206706,3943243
7/6/2021,West Bengal,16453879,12492937,3960942
8/6/2021,West Bengal,16717047,12742698,3974349
9/6/2021,West Bengal,16940919,12954543,3986376
10/6/2021,West Bengal,17139018,13143096,3995922
11/6/2021,West Bengal,17382133,13364800,4017333
12/6/2021,West Bengal,17600439,13561818,4038621
13/06/2021,West Bengal,17657700,13615740,4041960
14/06/2021,West Bengal,17867444,13798076,4069368
15/06/2021,West Bengal,18123718,14013951,4109767
16/06/2021,West Bengal,18249050,14127403,4121647
17/06/2021,West Bengal,18431037,14282047,4148990
18/06/2021,West Bengal,18645621,14455315,4190306
19/06/2021,West Bengal,18937419,14677149,4260270
20/06/2021,West Bengal,19010947,14736671,4274276
21/06/2021,West Bengal,19349842,14997560,4352282
22/06/2021,West Bengal,19667535,15251854,4415681
23/06/2021,West Bengal,20022881,15536230,4486651
24/06/2021,West Bengal,20352923,15798841,4554082
25/06/2021,West Bengal,20739972,16098954,4641018
26/06/2021,West Bengal,21043842,16320306,4723536
27/06/2021,West Bengal,21128717,16382560,4746157
28/06/2021,West Bengal,21427071,16563389,4863682
29/06/2021,West Bengal,21711965,16729378,4982587
30/06/2021,West Bengal,21889622,16833029,5056593
1/7/2021,West Bengal,22009840,16900071,5109769
2/7/2021,West Bengal,22319689,17019095,5300594
3/7/2021,West Bengal,22591117,17135494,5455623
4/7/2021,West Bengal,22660276,17165989,5494287
5/7/2021,West Bengal,22960000,17285927,5674073
6/7/2021,West Bengal,23205213,17382673,5822540
7/7/2021,West Bengal,,,
8/7/2021,West Bengal,,,
9/7/2021,West Bengal,,,
10/7/2021,West Bengal,,,
11/7/2021,West Bengal,,,
12/7/2021,West Bengal,,,
13/07/2021,West Bengal,,,
14/07/2021,West Bengal,,,
15/07/2021,West Bengal,,,
